<-One step transform 33->iterations: 5, Init error: 1283.63, SBA error885.097#
   0.999999 -0.00054806  0.00147712     74.2756
0.000550215    0.999999 -0.00145918     17.6798
-0.00147632  0.00145999    0.999998    -57.3573
          0           0           0           1

<-One step transform 65->iterations: 12, Init error: 295.308, SBA error231.096#
           1  0.000651604  0.000606753     -21.8837
-0.000651472            1 -0.000219122      5.34479
-0.000606895  0.000218726            1      90.1547
           0            0            0            1

<-One step transform 97->iterations: 39, Init error: 173.933, SBA error139.246#
            1 -5.05495e-005   0.000698976      -1.95021
 5.03973e-005             1   0.000217794    0.00287593
 -0.000698987  -0.000217758             1        26.575
            0             0             0             1

<-One step transform 129->iterations: 3, Init error: 728.458, SBA error643.19#
    0.999998  0.000248034   0.00209863      18.2884
-0.000244877     0.999999  -0.00150436     -1.70647
   -0.002099   0.00150384     0.999997     -17.6952
           0            0            0            1

<-One step transform 161->iterations: 4, Init error: 498.109, SBA error441.352#
    0.999979  0.000226432   0.00642166     -8.59721
 -0.00022375            1 -0.000418419     -3.93518
 -0.00642175  0.000416973     0.999979      68.3059
           0            0            0            1

<-One step transform 193->iterations: 4, Init error: 1562.95, SBA error931.124#
     0.999997 -8.80841e-005    0.00236793       97.7912
 8.77314e-005             1    0.00014906        13.075
  -0.00236794  -0.000148852      0.999997       86.3237
            0             0             0             1

<-One step transform 225->iterations: 18, Init error: 1831.71, SBA error1330#
    0.999991   0.00126693   0.00414759     -120.616
  -0.0012656     0.999999 -0.000324939       34.683
 -0.00414799  0.000319687     0.999991      89.7572
           0            0            0            1

<-One step transform 257->iterations: 3, Init error: 375.03, SBA error167.601#
    0.999985  0.000803393   0.00537588     -29.8439
-0.000807673     0.999999  0.000793992    -0.949201
 -0.00537524 -0.000798322     0.999985       -138.8
           0            0            0            1

<-One step transform 289->iterations: 18, Init error: 4953.54, SBA error2928.84#
    0.999989  -0.00169722   0.00427592     -114.239
  0.00169639     0.999999  0.000198908     -8.79097
 -0.00427625 -0.000191652     0.999991     -107.216
           0            0            0            1

<-One step transform 321->iterations: 23, Init error: 399.571, SBA error393.857#
    0.99999 -0.00131403  0.00435643     5.04392
 0.00132107    0.999998 -0.00161322  0.00066014
 -0.0043543  0.00161896    0.999989    -7.29749
          0           0           0           1

<-One step transform 353->iterations: 17, Init error: 1006.91, SBA error91.75#
    0.999996  0.000514404   0.00284137     -157.747
-0.000512091            1 -0.000814452     -17.4724
 -0.00284179  0.000812994     0.999996      112.805
           0            0            0            1

<-One step transform 385->iterations: 2, Init error: 447.972, SBA error427.149#
    0.999995  0.000741074   0.00313396      5.91253
-0.000737736     0.999999  -0.00106635    -0.600476
 -0.00313475   0.00106404     0.999995      65.1707
           0            0            0            1

<-One step transform 417->iterations: 36, Init error: 1751.65, SBA error1349.65#
    0.999987  0.000877826   0.00495768     -69.0547
-0.000867371     0.999997  -0.00211068      19.4868
 -0.00495952   0.00210635     0.999985      88.2749
           0            0            0            1

<-One step transform 449->iterations: 14, Init error: 2803.45, SBA error1582.81#
   0.999985 -0.00131161  0.00535939     128.307
 0.00131941    0.999998 -0.00145125     68.6527
-0.00535748  0.00145829    0.999985     195.651
          0           0           0           1

