<-One step transform 2->iterations: 3, Init error: 8.74876, SBA error7.67547#
   0.999999 -0.00054806  0.00147712    -1.09556
0.000550215    0.999999 -0.00145918      1.0715
-0.00147632  0.00145999    0.999998    0.139071
          0           0           0           1

<-One step transform 3->iterations: 9, Init error: 8.76002, SBA error5.2326#
           1  0.000651604  0.000606753      2.72714
-0.000651472            1 -0.000219122      -4.1279
-0.000606895  0.000218726            1      7.37121
           0            0            0            1

<-One step transform 4->iterations: 2, Init error: 10.4504, SBA error9.67223#
            1 -5.05495e-005   0.000698976       1.56293
 5.03973e-005             1   0.000217794      0.176976
 -0.000698987  -0.000217758             1      -6.67478
            0             0             0             1

<-One step transform 5->iterations: 15, Init error: 8.77566, SBA error7.99022#
    0.999998  0.000248034   0.00209863      1.69574
-0.000244877     0.999999  -0.00150436    -0.797949
   -0.002099   0.00150384     0.999997     -9.56958
           0            0            0            1

<-One step transform 6->iterations: 4, Init error: 7.80315, SBA error5.85396#
    0.999979  0.000226432   0.00642166     0.162353
 -0.00022375            1 -0.000418419     -0.74512
 -0.00642175  0.000416973     0.999979     -6.50507
           0            0            0            1

<-One step transform 7->iterations: 2, Init error: 7.57167, SBA error5.91404#
     0.999997 -8.80841e-005    0.00236793       3.20987
 8.77314e-005             1    0.00014906      0.364256
  -0.00236794  -0.000148852      0.999997      -6.61611
            0             0             0             1

<-One step transform 8->iterations: 31, Init error: 7.70451, SBA error4.17477#
    0.999991   0.00126693   0.00414759      9.04188
  -0.0012656     0.999999 -0.000324939     -8.82309
 -0.00414799  0.000319687     0.999991     -30.7327
           0            0            0            1

<-One step transform 9->iterations: 22, Init error: 7.36259, SBA error5.95549#
    0.999985  0.000803393   0.00537588     0.613277
-0.000807673     0.999999  0.000793992     -1.95712
 -0.00537524 -0.000798322     0.999985     -7.63748
           0            0            0            1

<-One step transform 10->iterations: 4, Init error: 10.796, SBA error10.2225#
    0.999989  -0.00169722   0.00427592      1.16823
  0.00169639     0.999999  0.000198908       0.2639
 -0.00427625 -0.000191652     0.999991     -2.20398
           0            0            0            1

<-One step transform 11->iterations: 2, Init error: 8.95653, SBA error8.23174#
    0.99999 -0.00131403  0.00435643      2.7713
 0.00132107    0.999998 -0.00161322     1.38221
 -0.0043543  0.00161896    0.999989   -0.671432
          0           0           0           1

<-One step transform 12->iterations: 38, Init error: 8.67131, SBA error6.01499#
    0.999996  0.000514404   0.00284137      3.96445
-0.000512091            1 -0.000814452     -2.73194
 -0.00284179  0.000812994     0.999996     -7.21241
           0            0            0            1

<-One step transform 13->iterations: 23, Init error: 8.40043, SBA error5.08452#
    0.999995  0.000741074   0.00313396      3.80237
-0.000737736     0.999999  -0.00106635     -4.36005
 -0.00313475   0.00106404     0.999995     -8.28903
           0            0            0            1

<-One step transform 14->iterations: 33, Init error: 9.44382, SBA error7.25591#
    0.999987  0.000877826   0.00495768      1.13961
-0.000867371     0.999997  -0.00211068     -2.85281
 -0.00495952   0.00210635     0.999985     -12.0168
           0            0            0            1

<-One step transform 15->iterations: 3, Init error: 9.99299, SBA error9.88868#
   0.999985 -0.00131161  0.00535939   -0.877447
 0.00131941    0.999998 -0.00145125  0.00714366
-0.00535748  0.00145829    0.999985  -0.0700173
          0           0           0           1

<-One step transform 16->iterations: 5, Init error: 11.5312, SBA error8.25463#
    0.999953 -0.000361791    0.0097085      4.04118
 0.000374084     0.999999  -0.00126441     0.403827
 -0.00970803   0.00126799     0.999952     -14.5424
           0            0            0            1

<-One step transform 17->iterations: 3, Init error: 13.8895, SBA error12.1208#
   0.999969 -0.00146867   0.0077038     2.82717
 0.00147998    0.999998 -0.00146166    0.394388
-0.00770164  0.00147302    0.999969    -10.7034
          0           0           0           1

<-One step transform 18->iterations: 2, Init error: 77.1735, SBA error75.6729#
   0.999946 -0.00399326  0.00958871     3.13188
 0.00400343    0.999991  -0.0010417     15.3169
-0.00958447  0.00108003    0.999953    -24.6708
          0           0           0           1

<-One step transform 19->iterations: 3, Init error: 8.43824, SBA error7.09693#
   0.999978 -0.00107327  0.00655124     2.61395
  0.0010688    0.999999 0.000684727     1.72919
-0.00655197 -0.00067771    0.999978    -9.11695
          0           0           0           1

<-One step transform 20->iterations: 2, Init error: 7.61906, SBA error6.92206#
    0.999978 -0.000368019   0.00661189      3.99289
 0.000372608            1  -0.00069282      1.35112
 -0.00661163  0.000695268     0.999978     -13.6436
           0            0            0            1

<-One step transform 21->iterations: 4, Init error: 12.4307, SBA error10.2913#
   0.999974 -0.00206961  0.00697606     4.78221
 0.00208176    0.999996 -0.00173407    0.796021
-0.00697244  0.00174854    0.999974     -4.8871
          0           0           0           1

<-One step transform 22->iterations: 2, Init error: 7.90208, SBA error7.8846#
   0.999967 -0.00169902  0.00792842   -0.515286
 0.00170918    0.999998  -0.0012744  0.00538542
-0.00792624  0.00128791    0.999968  -0.0823208
          0           0           0           1

<-One step transform 23->iterations: 2, Init error: 8.04972, SBA error7.53087#
   0.999966 -0.00122595   0.0081322       1.475
 0.00123769    0.999998  -0.0014394     1.62296
-0.00813042  0.00144942    0.999966    -5.01893
          0           0           0           1

<-One step transform 24->iterations: 2, Init error: 12.6996, SBA error10.6186#
   0.999976 -0.00132902  0.00672903     4.39202
 0.00133798    0.999998 -0.00132785     2.45609
-0.00672725  0.00133682    0.999976    -10.0399
          0           0           0           1

<-One step transform 25->iterations: 5, Init error: 7.62377, SBA error5.58517#
   0.999979 -0.00185195  0.00615912     2.27164
 0.00186357    0.999996 -0.00188158    0.875326
-0.00615561  0.00189302    0.999979    -4.07399
          0           0           0           1

<-One step transform 26->iterations: 6, Init error: 9.08381, SBA error6.78015#
   0.999955 -0.00159126  0.00937259     2.05596
 0.00162124    0.999994 -0.00319197     1.34694
-0.00936745  0.00320703    0.999951    -10.5061
          0           0           0           1

<-One step transform 27->iterations: 5, Init error: 10.2114, SBA error7.44658#
     0.999994    -0.0024088    0.00237558       2.64312
     0.002409      0.999997 -8.21721e-005       2.66083
  -0.00237537  8.78944e-005      0.999997      -6.10421
            0             0             0             1

<-One step transform 28->iterations: 3, Init error: 7.80673, SBA error7.09103#
     0.999995   -0.00141393    0.00281913      0.923417
   0.00141406      0.999999 -4.61938e-005       1.87124
  -0.00281906    5.018e-005      0.999996      -1.47059
            0             0             0             1

<-One step transform 29->iterations: 38, Init error: 8.76098, SBA error4.50133#
   0.999996  0.00240551  0.00176766     3.12396
-0.00240116    0.999994 -0.00246222    -4.92004
-0.00177358  0.00245797    0.999995    -8.37065
          0           0           0           1

<-One step transform 30->iterations: 26, Init error: 10.0299, SBA error5.32659#
   0.999991   0.0020605  0.00363226     2.61895
-0.00205545    0.999997 -0.00139536    -8.05279
-0.00363512  0.00138788    0.999992    -3.05006
          0           0           0           1

<-One step transform 31->iterations: 2, Init error: 8.165, SBA error6.29556#
     0.999992 -5.39761e-005    0.00398992       1.37193
 5.22593e-005             1   0.000430371       0.11493
  -0.00398994  -0.000430159      0.999992      -10.9803
            0             0             0             1

<-One step transform 32->iterations: 30, Init error: 7.3952, SBA error5.61117#
    0.999995   0.00142845   0.00263899      1.70981
  -0.0014265     0.999999 -0.000739269     -3.64194
 -0.00264004  0.000735501     0.999996     -8.71354
           0            0            0            1

<-One step transform 33->iterations: 32, Init error: 8.44577, SBA error6.61318#
    0.999996   0.00136006   0.00252767     0.382507
 -0.00135935     0.999999 -0.000283498     -3.45653
 -0.00252805  0.000280061     0.999997      -13.366
           0            0            0            1

<-One step transform 34->iterations: 2, Init error: 7.76308, SBA error6.32601#
            1 -1.46481e-005   0.000235509       1.02669
 1.46237e-005             1    0.00010346      0.026746
 -0.000235511  -0.000103457             1      -2.02926
            0             0             0             1

<-One step transform 35->iterations: 35, Init error: 7.64988, SBA error5.61141#
     0.999996    0.00125313    0.00266925     -0.935285
  -0.00125293      0.999999 -7.45419e-005      -2.25397
  -0.00266934  7.11972e-005      0.999996      -6.47593
            0             0             0             1

<-One step transform 36->iterations: 2, Init error: 9.21094, SBA error8.39602#
    0.999994  0.000114769   0.00333084     -1.10309
-0.000114071            1  -0.00020978    -0.077083
 -0.00333087  0.000209399     0.999994     -2.00745
           0            0            0            1

<-One step transform 37->iterations: 2, Init error: 8.38716, SBA error7.67457#
    0.999993 -0.000387979   0.00373085    -0.796245
 0.000389064            1 -0.000290119      0.37568
 -0.00373074  0.000291568     0.999993    -0.282321
           0            0            0            1

<-One step transform 38->iterations: 4, Init error: 8.08515, SBA error7.01481#
     0.999995  2.90953e-005    0.00327473       -2.7258
-2.82258e-005             1  -0.000265585    -0.0113814
  -0.00327474   0.000265491      0.999995     -0.361662
            0             0             0             1

<-One step transform 39->iterations: 3, Init error: 7.63188, SBA error6.98176#
           1 -0.000544863   0.00053017     0.615867
 0.000544641            1  0.000419296     0.572582
-0.000530398 -0.000419008            1     -1.23138
           0            0            0            1

<-One step transform 40->iterations: 18, Init error: 8.65952, SBA error4.2294#
   0.999997   0.0022139 0.000558495    0.829194
-0.00221326    0.999997 -0.00113267    -3.10343
  -0.000561  0.00113143    0.999999     -15.218
          0           0           0           1

<-One step transform 41->iterations: 34, Init error: 9.59328, SBA error5.61056#
    0.999999   0.00149968  0.000526547     -2.34207
 -0.00149924     0.999999 -0.000825643       -3.189
-0.000527785  0.000824852            1    -0.823348
           0            0            0            1

<-One step transform 42->iterations: 2, Init error: 10.0222, SBA error8.82115#
           1  -0.00012657  0.000226643    -0.561321
 0.000126609            1 -0.000171726     0.311452
-0.000226621  0.000171754            1    -0.534192
           0            0            0            1

<-One step transform 43->iterations: 2, Init error: 11.3859, SBA error10.8719#
    0.999999 -0.000188909   0.00161946      -1.0449
 0.000189947            1 -0.000640688     0.473326
 -0.00161934  0.000640995     0.999998     -9.16857
           0            0            0            1

<-One step transform 44->iterations: 27, Init error: 13.0614, SBA error9.83201#
    0.999996  0.000712336   0.00274954    -0.936848
-0.000709386     0.999999  -0.00107379      -1.5373
  -0.0027503   0.00107184     0.999996    -0.338405
           0            0            0            1

<-One step transform 45->iterations: 2, Init error: 7.49362, SBA error7.0722#
    0.999999 -0.000515461    0.0010346    -0.487894
 0.000516107            1 -0.000623925      1.17678
 -0.00103428  0.000624459     0.999999      -5.8817
           0            0            0            1

<-One step transform 46->iterations: 2, Init error: 7.75762, SBA error7.1265#
           1 -0.000435306   0.00039298    0.0839431
  0.00043561            1 -0.000772408      1.19522
-0.000392644  0.000772579            1     -3.95869
           0            0            0            1

<-One step transform 47->iterations: 4, Init error: 9.84517, SBA error7.9784#
    0.999998  0.000214616     0.001901     -2.91246
-0.000210472     0.999998  -0.00218002    -0.147057
 -0.00190146   0.00217962     0.999996     -4.43544
           0            0            0            1

<-One step transform 48->iterations: 23, Init error: 8.60643, SBA error6.72278#
    0.999998 -0.000190822   0.00197194     -1.43277
 0.000195434     0.999997  -0.00233849      0.69618
 -0.00197149   0.00233887     0.999995     -2.55389
           0            0            0            1

<-One step transform 49->iterations: 14, Init error: 11.106, SBA error8.40214#
           1 -0.000796534  0.000204311     -2.78804
  0.00079659            1 -0.000278023       2.2514
-0.000204089  0.000278185            1     -3.37703
           0            0            0            1

<-One step transform 50->iterations: 7, Init error: 11.0808, SBA error7.39733#
    0.999999  0.000420924   0.00101255     -6.40008
-0.000418599     0.999997  -0.00229461    -0.369823
 -0.00101351   0.00229419     0.999997     -3.05922
           0            0            0            1

<-One step transform 51->iterations: 25, Init error: 12.4317, SBA error7.44067#
    0.999997  0.000487691  -0.00246788     -4.91459
-0.000485253     0.999999  0.000988447     -1.11154
  0.00246836 -0.000987247     0.999996      1.26879
           0            0            0            1

<-One step transform 52->iterations: 35, Init error: 12.006, SBA error9.10091#
    0.999992   0.00105302   0.00387215     -5.63768
 -0.00105376     0.999999  0.000187887    -0.666852
 -0.00387195 -0.000191966     0.999992     -2.68656
           0            0            0            1

<-One step transform 53->iterations: 5, Init error: 7.87013, SBA error6.39815#
   0.999989 -0.00364872  0.00289794    -3.12963
  0.0036423    0.999991  0.00221864    0.386671
  -0.002906 -0.00220806    0.999993    -1.13616
          0           0           0           1

<-One step transform 54->iterations: 12, Init error: 9.09218, SBA error8.2065#
    0.999998 -0.000326655   0.00212562     -1.75654
 0.000324017     0.999999   0.00124122     0.178558
 -0.00212602  -0.00124053     0.999997     -1.23668
           0            0            0            1

<-One step transform 55->iterations: 14, Init error: 12.6774, SBA error10.3884#
    0.999996  -0.00282231  0.000631639     -3.46703
  0.00282011      0.99999   0.00346263     0.328549
-0.000641406  -0.00346083     0.999994     -7.03465
           0            0            0            1

<-One step transform 56->iterations: 21, Init error: 19.6337, SBA error13.5774#
   0.999994   -0.003091 -0.00130398     1.86736
  0.0030963    0.999987  0.00408488    0.541125
 0.00129133 -0.00408889    0.999991     19.9707
          0           0           0           1

<-One step transform 57->iterations: 35, Init error: 19.8058, SBA error14.8055#
   0.999986 -0.00354531  0.00385168    -1.63145
 0.00353481     0.99999  0.00272949   -0.141102
-0.00386132 -0.00271584    0.999989     11.4973
          0           0           0           1

<-One step transform 58->iterations: 21, Init error: 9.50713, SBA error8.03846#
     0.999998  -0.000385698    0.00205995      -2.12367
  0.000385866             1 -8.13798e-005    0.00204407
  -0.00205992  8.21745e-005      0.999998     -0.925227
            0             0             0             1

<-One step transform 59->iterations: 2, Init error: 8.15241, SBA error7.8024#
    0.999999 -0.000492482   0.00154486      0.80116
 0.000490718     0.999999   0.00114174      1.30136
 -0.00154542  -0.00114098     0.999998     -8.09806
           0            0            0            1

<-One step transform 60->iterations: 27, Init error: 11.6064, SBA error10.5118#
   0.999993 -0.00079535  0.00362876    -1.75942
0.000793243           1 0.000582012     1.48186
-0.00362922 -0.00057913    0.999993     12.4313
          0           0           0           1

<-One step transform 61->iterations: 4, Init error: 8.73836, SBA error7.42608#
   0.999994 -0.00181925  0.00305508    -2.06686
  0.0018145    0.999997  0.00155749    0.269001
-0.00305791 -0.00155194    0.999994    -4.47041
          0           0           0           1

<-One step transform 62->iterations: 20, Init error: 7.36001, SBA error6.41716#
   0.999998 -0.00108724   0.0016347    0.649255
 0.00108194    0.999994  0.00324312    0.103294
-0.00163822 -0.00324135    0.999993    -2.72131
          0           0           0           1

<-One step transform 63->iterations: 23, Init error: 9.90733, SBA error9.15393#
           1  0.000145886  0.000325464     -2.04662
-0.000146564     0.999998   0.00208214   -0.0606587
 -0.00032516  -0.00208218     0.999998    -0.928544
           0            0            0            1

<-One step transform 64->iterations: 15, Init error: 10.7951, SBA error8.12839#
    0.999999   0.00107299  0.000550066      -2.0369
 -0.00107354     0.999999  0.000988099     -1.95777
-0.000549005 -0.000988689     0.999999      -7.0654
           0            0            0            1

<-One step transform 65->iterations: 16, Init error: 10.5525, SBA error4.62228#
   0.999994  0.00170497  -0.0028889   0.0121323
-0.00169383    0.999991  0.00385415    -6.25346
 0.00289544 -0.00384923    0.999988     -22.286
          0           0           0           1

<-One step transform 66->iterations: 19, Init error: 20.7217, SBA error17.2513#
    0.999999   0.00151151 -0.000535071     -5.73942
 -0.00151078     0.999998   0.00137048    -0.550683
 0.000537141  -0.00136967     0.999999     -23.2928
           0            0            0            1

<-One step transform 67->iterations: 7, Init error: 12.8132, SBA error8.15912#
   0.999994  0.00279707 -0.00214673    -5.76893
 -0.0027942    0.999995  0.00133599    -2.65859
 0.00215046 -0.00132998    0.999997    -38.6933
          0           0           0           1

<-One step transform 68->iterations: 23, Init error: 9.14962, SBA error3.80271#
     0.99999    0.0031573  -0.00331713     -2.75047
 -0.00315532     0.999995  0.000603105     0.870182
  0.00331901 -0.000592632     0.999994     -4.97158
           0            0            0            1

<-One step transform 69->iterations: 7, Init error: 16.0897, SBA error4.04049#
   0.999995  0.00270611 -0.00182934    -5.26538
-0.00270432    0.999996 0.000978153     1.47193
 0.00183198  -0.0009732    0.999998     5.15342
          0           0           0           1

<-One step transform 70->iterations: 25, Init error: 12.2066, SBA error8.34086#
    0.999999  0.000869935 -0.000519728     -5.69768
-0.000870049            1 -0.000219782      -0.6406
 0.000519536  0.000220234            1      2.83837
           0            0            0            1

<-One step transform 71->iterations: 27, Init error: 12.8902, SBA error7.23575#
    0.999998   0.00201238  0.000923837     -2.39115
 -0.00201253     0.999998   0.00016166     -6.15274
 -0.00092351 -0.000163519            1      -42.956
           0            0            0            1

<-One step transform 72->iterations: 9, Init error: 10.0239, SBA error4.46636#
    0.999999   0.00142539  0.000806134      -1.0555
  -0.0014265     0.999998   0.00138584      -1.1729
-0.000804157  -0.00138699     0.999999     -6.84566
           0            0            0            1

<-One step transform 73->iterations: 27, Init error: 8.86491, SBA error4.41402#
    0.999998   0.00157614  0.000757344      1.46032
 -0.00157681     0.999998  0.000885975     -1.96504
-0.000755947 -0.000887168     0.999999     -16.2833
           0            0            0            1

<-One step transform 74->iterations: 21, Init error: 9.03169, SBA error4.28127#
    0.999989   0.00209281   0.00423476    -0.401301
 -0.00209173     0.999998 -0.000259632     0.938639
  -0.0042353  0.000250771     0.999991     -13.9788
           0            0            0            1

<-One step transform 75->iterations: 21, Init error: 7.12156, SBA error4.38185#
    0.99999  0.00261505  0.00363477     2.54357
-0.00260702    0.999994  -0.0022124    -2.20067
-0.00364053   0.0022029    0.999991    -18.3622
          0           0           0           1

<-One step transform 76->iterations: 7, Init error: 9.1505, SBA error3.78437#
   0.999996  0.00263726  0.00140066     4.62593
-0.00263906    0.999996  0.00128665    -5.00182
-0.00139726 -0.00129035    0.999998    -7.82163
          0           0           0           1

<-One step transform 77->iterations: 6, Init error: 8.13986, SBA error4.31676#
   0.999977  0.00509918  0.00453885   -0.955264
-0.00508979    0.999985  -0.0020782   -0.758367
-0.00454938  0.00205505    0.999988    -12.1224
          0           0           0           1

<-One step transform 78->iterations: 5, Init error: 12.9812, SBA error11.004#
            1  7.15563e-005   0.000877381        0.6342
-7.02616e-005      0.999999   -0.00147562    -0.0205121
 -0.000877486    0.00147556      0.999999     -0.425561
            0             0             0             1

<-One step transform 79->iterations: 2, Init error: 15.2048, SBA error14.5818#
           1 -0.000258359  0.000518196       1.1405
 0.000258985     0.999999  -0.00120909     0.972352
-0.000517883   0.00120922     0.999999     -3.87518
           0            0            0            1

<-One step transform 80->iterations: 2, Init error: 9.0669, SBA error8.56315#
    0.999999 -0.000909271  0.000972591    -0.581457
  0.00091112     0.999998  -0.00190211      2.20666
 -0.00097086   0.00190299     0.999998     -2.80962
           0            0            0            1

<-One step transform 81->iterations: 2, Init error: 11.6942, SBA error11.6883#
   0.999995 -0.00249222  0.00198224     -1.6489
 0.00249649    0.999995 -0.00215535     6.92397
-0.00197686  0.00216028    0.999996     10.8944
          0           0           0           1

<-One step transform 82->iterations: 27, Init error: 22.6802, SBA error18.9627#
    0.999998  -0.00199147   0.00075943     -1.02073
  0.00199088     0.999998  0.000773642      7.40758
-0.000760969 -0.000772129     0.999999      19.8684
           0            0            0            1

<-One step transform 83->iterations: 2, Init error: 8.52337, SBA error8.11552#
   0.999995 -0.00233279   0.0020511    -2.00761
 0.00232912    0.999996  0.00178771      1.1039
-0.00205526 -0.00178292    0.999996   -0.867744
          0           0           0           1

<-One step transform 84->iterations: 11, Init error: 7.41235, SBA error6.88956#
     0.999994  -0.000620122    0.00330741      -1.19978
  0.000620444             1 -9.62887e-005      0.285216
  -0.00330735  9.83402e-005      0.999995      -1.12213
            0             0             0             1

<-One step transform 85->iterations: 5, Init error: 7.27436, SBA error5.89235#
    0.999988  -0.00201007   0.00435767    -0.621712
    0.002006     0.999998  0.000937543     0.298183
 -0.00435954 -0.000928791      0.99999     -1.50914
           0            0            0            1

<-One step transform 86->iterations: 4, Init error: 6.91299, SBA error6.48073#
   0.999981 -0.00557711   0.0025732    -1.36026
 0.00557215    0.999983  0.00193125    0.730276
-0.00258393 -0.00191687    0.999995   -0.811778
          0           0           0           1

<-One step transform 87->iterations: 4, Init error: 9.51684, SBA error8.44208#
    0.999987  -0.00373788   0.00332969     0.378903
  0.00373606     0.999993  0.000553206     0.270682
 -0.00333173 -0.000540759     0.999994     -4.28258
           0            0            0            1

<-One step transform 88->iterations: 7, Init error: 8.23262, SBA error6.74583#
    0.999998  -0.00176624   0.00129938     -1.66872
  0.00176536     0.999998  0.000678911     0.163634
 -0.00130058 -0.000676616     0.999999     -2.50003
           0            0            0            1

<-One step transform 89->iterations: 41, Init error: 8.75124, SBA error7.16203#
    0.999996  0.000561949    -0.002806     0.492943
-0.000560625            1  0.000472635     -1.38039
  0.00280627  -0.00047106     0.999996     -7.44534
           0            0            0            1

<-One step transform 90->iterations: 43, Init error: 10.0267, SBA error7.31725#
    0.999993   0.00100332    0.0035291     -1.40175
-0.000994202     0.999996  -0.00258348     -1.86842
 -0.00353168   0.00257995      0.99999     -4.06552
           0            0            0            1

<-One step transform 91->iterations: 9, Init error: 11.9642, SBA error8.40094#
    0.999941 -0.000950228    0.0107925     -6.73152
  0.00100763     0.999985  -0.00531434     0.306332
  -0.0107873    0.0053249     0.999928      5.24894
           0            0            0            1

<-One step transform 92->iterations: 1, Init error: 10.2035, SBA error10.2035#
    0.999986  -0.00449404   0.00271198            0
  0.00449361      0.99999  0.000162393            0
 -0.00271268 -0.000150204     0.999996            0
           0            0            0            1

<-One step transform 93->iterations: 7, Init error: 10.9886, SBA error8.9841#
    0.999997  -0.00227542  0.000474688     0.506932
  0.00227497     0.999997  0.000941092      1.83854
-0.000476828  -0.00094001     0.999999     -4.42591
           0            0            0            1

<-One step transform 94->iterations: 12, Init error: 15.4126, SBA error9.11069#
   0.999973  0.00451023  0.00584625      3.5062
-0.00448797    0.999983   -0.003816    -1.30794
-0.00586336  0.00378966    0.999976     22.6878
          0           0           0           1

<-One step transform 95->iterations: 6, Init error: 7.56357, SBA error4.48277#
    0.99996  0.00564643  0.00688124     1.56161
-0.00561363    0.999973 -0.00477599    -1.15352
-0.00690802  0.00473717    0.999965    -13.5662
          0           0           0           1

<-One step transform 96->iterations: 4, Init error: 21.2766, SBA error13.2704#
   0.999994 -0.00198644 -0.00294955     5.25614
 0.00199094    0.999997   0.0015224     4.43942
 0.00294652 -0.00152827    0.999994     13.3006
          0           0           0           1

<-One step transform 97->iterations: 7, Init error: 17.5421, SBA error10.1049#
     0.999997    0.00222108    0.00134549      -2.53672
  -0.00222116      0.999998  5.57206e-005       7.76016
  -0.00134536 -5.87089e-005      0.999999       30.9069
            0             0             0             1

<-One step transform 98->iterations: 28, Init error: 9.33197, SBA error4.97466#
   0.999977   0.0044556  0.00519795    -1.13334
 -0.0044645    0.999989  0.00170281    -2.51117
 -0.0051903 -0.00172597    0.999985    -20.4631
          0           0           0           1

<-One step transform 99->iterations: 3, Init error: 102.363, SBA error60.8966#
   0.999995 0.000998776  0.00290775     8.91073
-0.00100723    0.999995  0.00290778     -3.5512
-0.00290483 -0.00291069    0.999992     53.9722
          0           0           0           1

<-One step transform 100->iterations: 3, Init error: 9.87859, SBA error9.07751#
    0.99998 -0.00494907  0.00404898     3.59697
 0.00495404    0.999987 -0.00121756    0.378214
 -0.0040429  0.00123759    0.999991   -0.434798
          0           0           0           1

<-One step transform 101->iterations: 21, Init error: 9.00553, SBA error6.72512#
    0.999998  0.000719683     0.001694      3.13339
-0.000723172     0.999998   0.00205985     -1.96257
 -0.00169252  -0.00206107     0.999996     -11.8552
           0            0            0            1

<-One step transform 102->iterations: 8, Init error: 8.12814, SBA error3.6331#
   0.999978  0.00653454  0.00104175     3.61323
-0.00653852    0.999971  0.00386429    -3.86101
-0.00101646 -0.00387102    0.999992    -12.0007
          0           0           0           1

<-One step transform 103->iterations: 8, Init error: 7.46277, SBA error4.17324#
    0.999948   0.00873284   0.00523006      2.73927
 -0.00872801     0.999961 -0.000946442      2.71868
 -0.00523812  0.000900745     0.999986     -2.95712
           0            0            0            1

<-One step transform 104->iterations: 6, Init error: 7.03797, SBA error5.50496#
    0.99992   0.0053467     0.01144     6.08984
-0.00525685    0.999955 -0.00786963    -4.85829
 -0.0114815  0.00780886    0.999904     1.86243
          0           0           0           1

<-One step transform 105->iterations: 2, Init error: 32.1259, SBA error25.7741#
   0.999973 -0.00428999  0.00603051     5.82626
 0.00434677    0.999946 -0.00943337     4.11852
-0.00598971  0.00945933    0.999937    0.318053
          0           0           0           1

<-One step transform 106->iterations: 6, Init error: 18.0698, SBA error7.76005#
   0.999989  0.00192672   0.0042364     7.65078
-0.00190735    0.999988 -0.00457152    -19.7421
-0.00424516  0.00456339    0.999981    -34.9489
          0           0           0           1

<-One step transform 107->iterations: 25, Init error: 13.515, SBA error3.45028#
   0.999968  0.00342079  0.00729655     4.35081
-0.00337869    0.999978 -0.00577529    -12.2124
-0.00731615  0.00575045    0.999957    -7.62587
          0           0           0           1

<-One step transform 108->iterations: 2, Init error: 11.0165, SBA error8.6269#
   0.999961 -0.00542744  0.00698027      1.7761
  0.0054702    0.999966 -0.00612234     2.63549
-0.00694681  0.00616028    0.999957     2.12704
          0           0           0           1

<-One step transform 109->iterations: 2, Init error: 15.4218, SBA error13.4124#
   0.999933 -0.00679638  0.00937591     3.88096
 0.00680731    0.999976 -0.00113432     4.25698
-0.00936798  0.00119807    0.999955    -1.21115
          0           0           0           1

<-One step transform 110->iterations: 1, Init error: 7.96444, SBA error7.96444#
   0.999936 -0.00606744  0.00953351           0
 0.00608772    0.999979 -0.00210001           0
-0.00952057  0.00215792    0.999952           0
          0           0           0           1

<-One step transform 111->iterations: 3, Init error: 9.60784, SBA error7.3048#
   0.999958 -0.00537806  0.00747492     7.06417
 0.00542477    0.999966 -0.00624356     2.75274
-0.00744109  0.00628385    0.999953    -7.29994
          0           0           0           1

<-One step transform 112->iterations: 3, Init error: 9.70823, SBA error7.88469#
   0.999955 -0.00696819  0.00638553     1.71739
 0.00698324    0.999973 -0.00233731     3.25468
-0.00636907   0.0023818    0.999977    -1.32975
          0           0           0           1

<-One step transform 113->iterations: 2, Init error: 11.0961, SBA error7.42068#
   0.999957 -0.00553194  0.00746404     2.04881
 0.00554266    0.999984  -0.0014162     2.57378
-0.00745608  0.00145751    0.999971     1.31274
          0           0           0           1

<-One step transform 114->iterations: 1, Init error: 7.52748, SBA error7.52748#
   0.999945 -0.00534637  0.00907261           0
 0.00536575    0.999983 -0.00211349           0
-0.00906116  0.00216205    0.999957           0
          0           0           0           1

<-One step transform 115->iterations: 2, Init error: 9.29842, SBA error8.01249#
    0.999947  -0.00824914   0.00611104      2.94338
  0.00825213     0.999966 -0.000464079      3.10996
   -0.006107  0.000514484     0.999981     -3.49052
           0            0            0            1

<-One step transform 116->iterations: 6, Init error: 25.3549, SBA error19.8046#
   0.999961 -0.00667328  0.00576737     8.07591
  0.0066851    0.999976 -0.00203268     3.10118
-0.00575367  0.00207116    0.999981     26.8092
          0           0           0           1

<-One step transform 117->iterations: 3, Init error: 8.1641, SBA error6.86412#
   0.999989  -0.0038061  0.00261207 -0.00394791
 0.00381196     0.99999 -0.00224097     1.21629
-0.00260351   0.0022509    0.999994    -5.52444
          0           0           0           1

<-One step transform 118->iterations: 3, Init error: 10.7591, SBA error7.39501#
            1 -3.05556e-005  -0.000165079      -2.16216
 3.05712e-005             1  9.50355e-005     0.0903796
  0.000165076 -9.50405e-005             1      -11.4288
            0             0             0             1

<-One step transform 119->iterations: 39, Init error: 13.5834, SBA error5.34714#
    0.999993   0.00205909   0.00317797     -4.44342
  -0.0020561     0.999997 -0.000943553     -7.89767
  -0.0031799  0.000937012     0.999995     -22.4486
           0            0            0            1

<-One step transform 120->iterations: 2, Init error: 10.8651, SBA error9.26777#
   0.999982 -0.00342226   0.0050215    -5.04807
 0.00345639    0.999971 -0.00680477     2.71158
-0.00499807    0.006822    0.999964    -3.82174
          0           0           0           1

<-One step transform 121->iterations: 42, Init error: 20.7003, SBA error9.05029#
    0.999999  0.000405301   0.00104402    -0.330887
-0.000402658     0.999997  -0.00253087     -4.51276
 -0.00104505   0.00253045     0.999996       23.656
           0            0            0            1

<-One step transform 122->iterations: 8, Init error: 14.5221, SBA error4.04898#
   0.999992  0.00237321  0.00330348    -5.09896
-0.00236246    0.999992 -0.00325442    -5.14512
-0.00331118  0.00324659    0.999989     -3.8785
          0           0           0           1

<-One step transform 123->iterations: 14, Init error: 10.7984, SBA error3.92395#
   0.999991  0.00332374  0.00274296    0.414481
-0.00331608    0.999991 -0.00279515    -4.37925
-0.00275222  0.00278603    0.999992    -2.33675
          0           0           0           1

<-One step transform 124->iterations: 38, Init error: 9.61882, SBA error5.16928#
   0.999993   0.0010833  0.00360709    -3.69616
-0.00109008    0.999998  0.00187786    -3.70163
-0.00360505 -0.00188178    0.999992     1.17137
          0           0           0           1

<-One step transform 125->iterations: 16, Init error: 9.18178, SBA error8.69566#
   0.999992  0.00107995   0.0037994    -1.34716
-0.00109206    0.999994  0.00318677   -0.876902
-0.00379594 -0.00319089    0.999988    -4.55243
          0           0           0           1

<-One step transform 126->iterations: 5, Init error: 10.3503, SBA error6.45015#
   0.999987  0.00422794  0.00289997     0.92858
 -0.0042349    0.999988  0.00239787     4.06104
 -0.0028898 -0.00241012    0.999993    -33.1224
          0           0           0           1

<-One step transform 127->iterations: 45, Init error: 10.6133, SBA error9.48222#
   0.999991   0.0018565  0.00370624       1.929
-0.00186035    0.999998  0.00103475    -3.48425
-0.00370431 -0.00104164    0.999993    -12.8243
          0           0           0           1

<-One step transform 128->iterations: 14, Init error: 8.55719, SBA error7.81142#
    0.999988   0.00020409   0.00485732     0.154216
-0.000206529            1   0.00050151   -0.0129852
 -0.00485721 -0.000502507     0.999988    -0.704153
           0            0            0            1

<-One step transform 129->iterations: 8, Init error: 7.88563, SBA error7.31905#
   0.999992 -0.00179072  0.00353685    0.768807
 0.00178644    0.999998  0.00121283    0.199425
-0.00353901  -0.0012065    0.999993   -0.933383
          0           0           0           1

<-One step transform 130->iterations: 12, Init error: 7.97906, SBA error7.22517#
    0.999993  0.000536552   0.00362569       1.3123
 -0.00053539            1 -0.000321455   -0.0619575
 -0.00362586  0.000319512     0.999993     -3.09057
           0            0            0            1

<-One step transform 131->iterations: 24, Init error: 8.96216, SBA error7.4998#
    0.99999  0.00116902  0.00424931   -0.936616
-0.00116191    0.999998 -0.00167559   -0.626402
-0.00425126  0.00167063     0.99999    -3.16062
          0           0           0           1

<-One step transform 132->iterations: 32, Init error: 10.6497, SBA error8.4713#
     0.99999  -0.00139561   0.00425753      1.11723
  0.00139658     0.999999 -0.000225972     0.655555
 -0.00425721  0.000231915     0.999991      13.4292
           0            0            0            1

<-One step transform 133->iterations: 21, Init error: 10.1209, SBA error8.20555#
    0.999971  -0.00332429   0.00680137     0.225088
  0.00331946     0.999994  0.000721152      1.21884
 -0.00680373 -0.000698554     0.999977      11.1151
           0            0            0            1

<-One step transform 134->iterations: 3, Init error: 7.38554, SBA error6.89799#
   0.999952 -0.00398318  0.00896323     1.61899
 0.00399452    0.999991 -0.00124793    0.552572
-0.00895819  0.00128367    0.999959    -8.81498
          0           0           0           1

<-One step transform 135->iterations: 3, Init error: 7.55188, SBA error6.69777#
      0.99999 -6.24354e-005    0.00453541     -0.331479
 7.09138e-005      0.999998   -0.00186924      0.236043
  -0.00453528    0.00186954      0.999988      -3.45402
            0             0             0             1

<-One step transform 136->iterations: 32, Init error: 8.77103, SBA error4.36666#
    0.999972   0.00180425   0.00721379      2.72915
 -0.00179912     0.999998 -0.000716388       -6.094
 -0.00721507   0.00070339     0.999974     -22.3568
           0            0            0            1

<-One step transform 137->iterations: 2, Init error: 6.62005, SBA error6.44495#
    0.999985 -0.000446002   0.00554605   -0.0483791
  0.00043641     0.999998   0.00173047     0.770844
 -0.00554682  -0.00172803     0.999983      -5.3817
           0            0            0            1

<-One step transform 138->iterations: 27, Init error: 8.86858, SBA error8.02263#
    0.999986  0.000768755   0.00517857      3.45983
 -0.00077046            1  0.000327362     -2.52889
 -0.00517832 -0.000331348     0.999987     -10.4043
           0            0            0            1

<-One step transform 139->iterations: 50, Init error: 8.24346, SBA error7.57574#
   0.999957  0.00239597  0.00892736     5.71927
-0.00237905    0.999995 -0.00190558    -4.04084
-0.00893188  0.00188426    0.999958    -11.8182
          0           0           0           1

<-One step transform 140->iterations: 2, Init error: 8.09588, SBA error6.47199#
     0.99997 -0.000177815   0.00769405      2.41463
 0.000164366     0.999998   0.00174864      0.10549
 -0.00769435  -0.00174732     0.999969     -5.97952
           0            0            0            1

<-One step transform 141->iterations: 2, Init error: 8.66185, SBA error7.19856#
     0.99999 -0.000665585    0.0043161      4.14364
 0.000652934     0.999995   0.00293175      1.66241
 -0.00431803  -0.00292891     0.999986     -7.40781
           0            0            0            1

<-One step transform 142->iterations: 2, Init error: 8.51599, SBA error8.45863#
      0.99997    0.00140714    0.00764758        1.5883
  -0.00139472      0.999998   -0.00162927 -3.09631e-006
  -0.00764986    0.00161855      0.999969     -0.297889
            0             0             0             1

