<-One step transform 17->iterations: 2, Init error: 187.537, SBA error143.077#
   0.999999 -0.00054806  0.00147712     25.4547
0.000550215    0.999999 -0.00145918     8.83867
-0.00147632  0.00145999    0.999998    -39.7225
          0           0           0           1

<-One step transform 33->iterations: 4, Init error: 469.014, SBA error187.82#
           1  0.000651604  0.000606753      63.0566
-0.000651472            1 -0.000219122     -23.6447
-0.000606895  0.000218726            1     -112.015
           0            0            0            1

<-One step transform 49->iterations: 3, Init error: 36.3806, SBA error16.472#
            1 -5.05495e-005   0.000698976      -19.5354
 5.03973e-005             1   0.000217794      0.202171
 -0.000698987  -0.000217758             1      -26.5241
            0             0             0             1

<-One step transform 65->iterations: 17, Init error: 190.774, SBA error141.047#
    0.999998  0.000248034   0.00209863     -31.5136
-0.000244877     0.999999  -0.00150436      2.46016
   -0.002099   0.00150384     0.999997     -85.6515
           0            0            0            1

<-One step transform 81->iterations: 21, Init error: 142.426, SBA error118.187#
    0.999979  0.000226432   0.00642166     -28.7624
 -0.00022375            1 -0.000418419      2.76214
 -0.00642175  0.000416973     0.999979     -23.6921
           0            0            0            1

<-One step transform 97->iterations: 2, Init error: 26.4597, SBA error25.3312#
     0.999997 -8.80841e-005    0.00236793       5.55526
 8.77314e-005             1    0.00014906      0.582957
  -0.00236794  -0.000148852      0.999997      -18.7739
            0             0             0             1

<-One step transform 113->iterations: 24, Init error: 487.106, SBA error238.2#
    0.999991   0.00126693   0.00414759      74.2174
  -0.0012656     0.999999 -0.000324939     -70.2767
 -0.00414799  0.000319687     0.999991      1.41585
           0            0            0            1

<-One step transform 129->iterations: 3, Init error: 53.1632, SBA error44.0272#
    0.999985  0.000803393   0.00537588     -15.0044
-0.000807673     0.999999  0.000793992     -3.96529
 -0.00537524 -0.000798322     0.999985     -60.5722
           0            0            0            1

<-One step transform 145->iterations: 2, Init error: 73.215, SBA error30.0605#
    0.999989  -0.00169722   0.00427592      17.4214
  0.00169639     0.999999  0.000198908      10.6208
 -0.00427625 -0.000191652     0.999991     -87.9768
           0            0            0            1

<-One step transform 161->iterations: 10, Init error: 226.386, SBA error125.029#
    0.99999 -0.00131403  0.00435643    -36.8454
 0.00132107    0.999998 -0.00161322     5.33075
 -0.0043543  0.00161896    0.999989     29.6935
          0           0           0           1

<-One step transform 177->iterations: 6, Init error: 119.537, SBA error82.7711#
    0.999996  0.000514404   0.00284137      31.1312
-0.000512091            1 -0.000814452     -3.23533
 -0.00284179  0.000812994     0.999996     -16.7632
           0            0            0            1

<-One step transform 193->iterations: 3, Init error: 337.584, SBA error171.359#
    0.999995  0.000741074   0.00313396      29.2458
-0.000737736     0.999999  -0.00106635     -11.5831
 -0.00313475   0.00106404     0.999995      -126.15
           0            0            0            1

<-One step transform 209->iterations: 3, Init error: 826.815, SBA error210.167#
    0.999987  0.000877826   0.00495768     -114.492
-0.000867371     0.999997  -0.00211068       2.4498
 -0.00495952   0.00210635     0.999985     -36.4753
           0            0            0            1

<-One step transform 225->iterations: 15, Init error: 1171.84, SBA error1136.25#
   0.999985 -0.00131161  0.00535939    -23.4924
 0.00131941    0.999998 -0.00145125    -6.74796
-0.00535748  0.00145829    0.999985    -52.2662
          0           0           0           1

<-One step transform 241->iterations: 6, Init error: 80.9752, SBA error30.5953#
    0.999953 -0.000361791    0.0097085     -9.06634
 0.000374084     0.999999  -0.00126441      1.34324
 -0.00970803   0.00126799     0.999952     -79.3054
           0            0            0            1

<-One step transform 257->iterations: 24, Init error: 167.956, SBA error100.36#
   0.999969 -0.00146867   0.0077038    -25.5521
 0.00147998    0.999998 -0.00146166     2.72405
-0.00770164  0.00147302    0.999969    -57.6096
          0           0           0           1

<-One step transform 273->iterations: 1, Init error: 231.622, SBA error231.622#
   0.999946 -0.00399326  0.00958871           0
 0.00400343    0.999991  -0.0010417           0
-0.00958447  0.00108003    0.999953           0
          0           0           0           1

<-One step transform 289->iterations: 15, Init error: 3572.86, SBA error2337.22#
   0.999978 -0.00107327  0.00655124    -114.693
  0.0010688    0.999999 0.000684727    -25.1792
-0.00655197 -0.00067771    0.999978    -75.6881
          0           0           0           1

<-One step transform 305->iterations: 17, Init error: 79.2959, SBA error72.1773#
    0.999978 -0.000368019   0.00661189     -13.9454
 0.000372608            1  -0.00069282    -0.845716
 -0.00661163  0.000695268     0.999978      -13.685
           0            0            0            1

<-One step transform 321->iterations: 2, Init error: 331.238, SBA error307.89#
   0.999974 -0.00206961  0.00697606     21.1025
 0.00208176    0.999996 -0.00173407     10.6162
-0.00697244  0.00174854    0.999974    -29.3133
          0           0           0           1

<-One step transform 337->iterations: 3, Init error: 261.25, SBA error157.611#
   0.999967 -0.00169902  0.00792842    -25.7333
 0.00170918    0.999998  -0.0012744      -8.024
-0.00792624  0.00128791    0.999968      37.214
          0           0           0           1

<-One step transform 353->iterations: 24, Init error: 953.777, SBA error428.967#
   0.999966 -0.00122595   0.0081322    -64.1359
 0.00123769    0.999998  -0.0014394    -30.3707
-0.00813042  0.00144942    0.999966     22.0757
          0           0           0           1

<-One step transform 369->iterations: 2, Init error: 847.018, SBA error808.761#
   0.999976 -0.00132902  0.00672903    -45.5421
 0.00133798    0.999998 -0.00132785    -34.0802
-0.00672725  0.00133682    0.999976    -1.54702
          0           0           0           1

<-One step transform 385->iterations: 2, Init error: 559.632, SBA error501.794#
   0.999979 -0.00185195  0.00615912     42.5381
 0.00186357    0.999996 -0.00188158    -1.03065
-0.00615561  0.00189302    0.999979     47.1057
          0           0           0           1

<-One step transform 401->iterations: 46, Init error: 693.673, SBA error568.304#
   0.999955 -0.00159126  0.00937259    -28.3527
 0.00162124    0.999994 -0.00319197    -5.67529
-0.00936745  0.00320703    0.999951     48.2333
          0           0           0           1

<-One step transform 417->iterations: 24, Init error: 278.097, SBA error273.564#
     0.999994    -0.0024088    0.00237558      0.362993
     0.002409      0.999997 -8.21721e-005     -0.210774
  -0.00237537  8.78944e-005      0.999997      -1.21692
            0             0             0             1

<-One step transform 433->iterations: 7, Init error: 238.069, SBA error211.437#
     0.999995   -0.00141393    0.00281913       2.92912
   0.00141406      0.999999 -4.61938e-005       7.80164
  -0.00281906    5.018e-005      0.999996        30.063
            0             0             0             1

<-One step transform 449->iterations: 4, Init error: 1357.97, SBA error725.388#
   0.999996  0.00240551  0.00176766     173.083
-0.00240116    0.999994 -0.00246222     3.78453
-0.00177358  0.00245797    0.999995     114.343
          0           0           0           1

<-One step transform 465->iterations: 23, Init error: 464.298, SBA error17.0883#
   0.999991   0.0020605  0.00363226    -67.0673
-0.00205545    0.999997 -0.00139536     7.03366
-0.00363512  0.00138788    0.999992     33.9259
          0           0           0           1

