<-Total transform 4->iterations: 14#
    0.999998 -0.000555795  -0.00173433     -1.85563
 0.000560921     0.999995   0.00295649    0.0145181
  0.00173268  -0.00295746     0.999994     0.645838
           0            0            0            1

<-Total transform 9->iterations: 17#
   0.999997 -0.00119253 -0.00189641   -0.942808
 0.00120607    0.999974   0.0071564   0.0715053
 0.00188783 -0.00715867    0.999973     2.43531
          0           0           0           1

<-Total transform 14->iterations: 3#
    0.999995 -0.000499487   0.00295881      12.8419
 0.000456921     0.999897    0.0143694     -4.72012
 -0.00296568    -0.014368     0.999892        9.467
           0            0            0            1

<-Total transform 19->iterations: 32#
   0.999897 -0.00701799   0.0124937     22.8777
 0.00669096    0.999639   0.0260282    -14.0747
 -0.0126718  -0.0259419    0.999583     5.82551
          0           0           0           1

<-Total transform 24->iterations: 7#
  0.999745 -0.0126461  0.0186973    32.6344
 0.0119977   0.999336   0.034396   -12.2841
-0.0191198 -0.0341629   0.999233    27.1083
         0          0          0          1

<-Total transform 29->iterations: 4#
  0.999237 -0.0263325  0.0288277    30.4126
 0.0253386    0.99909   0.034319   -5.21669
-0.0297051 -0.0335624   0.998995    44.7576
         0          0          0          1

<-Total transform 34->iterations: 8#
    0.9987 -0.0373814   0.034661    33.5481
 0.0357817   0.998315  0.0456767    4.63372
  -0.03631  -0.044377   0.998355    80.6894
         0          0          0          1

<-Total transform 39->iterations: 6#
  0.997871 -0.0458264  0.0464007    38.3821
 0.0431502   0.997434  0.0571235    13.2486
-0.0488995 -0.0549997   0.997288     107.12
         0          0          0          1

<-Total transform 44->iterations: 3#
  0.994963 -0.0637317  0.0773724    60.8597
    0.0584   0.995884  0.0693209    40.4897
-0.0814719 -0.0644532   0.994589    121.097
         0          0          0          1

<-Total transform 49->iterations: 6#
  0.991623 -0.0646965   0.111795    115.909
 0.0570861   0.995913  0.0699865    24.1123
 -0.115866 -0.0630182   0.991264     148.11
         0          0          0          1

<-Total transform 54->iterations: 2#
  0.990105 -0.0671969   0.123193    132.854
 0.0591653   0.995947  0.0677363    43.7345
 -0.127246 -0.0597773   0.990068    161.898
         0          0          0          1

<-Total transform 59->iterations: 2#
  0.990976 -0.0717588   0.113212    121.827
 0.0652793   0.996065  0.0599429    47.7464
 -0.117068 -0.0520116   0.991761    192.415
         0          0          0          1

<-Total transform 64->iterations: 2#
  0.991418 -0.0783417   0.104659    96.0547
 0.0734093   0.996039  0.0501831     51.535
 -0.108176 -0.0420694   0.993241    231.794
         0          0          0          1

<-Total transform 69->iterations: 24#
  0.990312 -0.0934963   0.102667     99.491
 0.0890735   0.994922  0.0468597    52.2314
 -0.106527 -0.0372608   0.993611     232.38
         0          0          0          1

<-Total transform 74->iterations: 11#
  0.990783 -0.0835523   0.106619    117.441
 0.0784708   0.995611  0.0510046    41.7048
 -0.110413  -0.042168   0.992991    213.183
         0          0          0          1

<-Total transform 79->iterations: 30#
  0.991235 -0.0600247   0.117685    124.046
 0.0544559   0.997265  0.0499799    35.8819
 -0.120363 -0.0431332   0.991792    212.143
         0          0          0          1

<-Total transform 84->iterations: 61#
  0.987378 -0.0597685   0.146671     165.51
 0.0518316   0.997008  0.0573541    29.3338
  -0.14966  -0.049028   0.987521    210.617
         0          0          0          1

<-Total transform 89->iterations: 63#
  0.981032 -0.0522191   0.186678    247.947
 0.0413204   0.997232  0.0618065    19.1528
 -0.189389 -0.0529206   0.980475    259.532
         0          0          0          1

<-Total transform 94->iterations: 3#
  0.978425  -0.073948   0.192913    274.139
 0.0607831   0.995456  0.0732984    32.1258
 -0.197457 -0.0599912   0.978474    273.002
         0          0          0          1

<-Total transform 99->iterations: 22#
  0.979308 -0.0648391   0.191708    296.052
 0.0522287    0.99617  0.0701214    13.4342
 -0.195521 -0.0586578   0.978944    278.159
         0          0          0          1

<-Total transform 104->iterations: 14#
  0.979939 -0.0639329   0.188764    299.502
  0.052864   0.996606  0.0631071    9.34084
 -0.192158 -0.0518623   0.979993    312.298
         0          0          0          1

<-Total transform 109->iterations: 4#
  0.976628 -0.0676032    0.20403    320.431
 0.0555128   0.996378  0.0644167    17.6377
 -0.207646 -0.0515848   0.976843    310.006
         0          0          0          1

<-Total transform 114->iterations: 2#
  0.971678 -0.0789201   0.222741    356.942
  0.063336   0.995073  0.0762728    64.7243
 -0.227663 -0.0600051   0.971889     324.19
         0          0          0          1

<-Total transform 119->iterations: 3#
  0.961013 -0.0887635   0.261868    398.109
 0.0673769   0.993699  0.0895649    99.5497
 -0.268168 -0.0684292   0.960939     304.83
         0          0          0          1

<-Total transform 124->iterations: 6#
  0.951425 -0.0863009   0.295537    443.529
 0.0656623   0.994703  0.0790798    83.0277
 -0.300796 -0.0558328   0.952053     310.76
         0          0          0          1

<-Total transform 129->iterations: 6#
  0.943504  -0.102645   0.315061    457.632
 0.0845748   0.993917  0.0705392    88.6544
 -0.320385 -0.0399079   0.946446    301.131
         0          0          0          1

<-Total transform 134->iterations: 4#
  0.944675 -0.0971259   0.313297    481.518
 0.0823123   0.994787  0.0602021    36.4792
 -0.317511 -0.0310833   0.947745    348.095
         0          0          0          1

<-Total transform 139->iterations: 3#
  0.947898 -0.0954761   0.303931    493.773
 0.0828893    0.99509  0.0540805    20.5363
 -0.307602 -0.0260702   0.951158    381.644
         0          0          0          1

<-Total transform 144->iterations: 15#
   0.9506 -0.101767  0.293264   503.925
0.0870078  0.994215 0.0629763   29.4119
-0.297977 -0.034349  0.953955   412.848
        0         0         0         1

<-Total transform 149->iterations: 8#
  0.950051  -0.113855   0.290587    523.093
  0.100519   0.993096   0.060467    41.1181
 -0.295465 -0.0282372   0.954936    415.029
         0          0          0          1

<-Total transform 154->iterations: 4#
   0.944591   -0.123952    0.303948      510.61
   0.115512    0.992256   0.0456677     103.265
  -0.307254 -0.00802758    0.951594     406.157
          0           0           0           1

<-Total transform 159->iterations: 2#
 0.938986 -0.117331  0.323325   528.534
 0.117742  0.992874 0.0183611   105.802
-0.323175 0.0208282   0.94611   390.707
        0         0         0         1

<-Total transform 164->iterations: 7#
  0.942731  -0.110626   0.314673    544.526
  0.114044   0.993447 0.00758889     108.66
 -0.313451  0.0287324    0.94917    398.886
         0          0          0          1

<-Total transform 169->iterations: 5#
 0.948136 -0.117809  0.295227   536.175
 0.119854  0.992728 0.0112253   113.361
-0.294403 0.0247411  0.955361   417.928
        0         0         0         1

<-Total transform 174->iterations: 61#
   0.954104   -0.129637    0.269962      549.75
   0.122927     0.99154   0.0416907     133.252
  -0.273083 -0.00659156    0.961968     429.662
          0           0           0           1

<-Total transform 179->iterations: 5#
 0.958241 -0.125185  0.257104   569.639
 0.116792  0.992009 0.0477226   128.354
-0.261024 -0.015702  0.965205     481.1
        0         0         0         1

<-Total transform 184->iterations: 6#
   0.960538   -0.120199    0.250838     593.915
   0.114362    0.992721   0.0377715      110.39
  -0.253552 -0.00759457    0.967292     482.693
          0           0           0           1

<-Total transform 189->iterations: 7#
  0.957999  -0.128356   0.256443    614.989
  0.120377   0.991632  0.0466423    130.057
 -0.260284 -0.0138135   0.965433    480.852
         0          0          0          1

<-Total transform 194->iterations: 31#
  0.960822  -0.119802   0.249938    641.507
  0.113092   0.992735  0.0410913    120.547
 -0.253045 -0.0112156   0.967389    484.978
         0          0          0          1

<-Total transform 199->iterations: 4#
 0.963838 -0.116667  0.239593   656.284
 0.113618   0.99317 0.0265474   96.1325
-0.241053 0.0016347   0.97051   494.032
        0         0         0         1

<-Total transform 204->iterations: 3#
  0.967838  -0.125919   0.217794    659.148
  0.120037    0.99196  0.0400838    124.228
  -0.22109 -0.0126512   0.975171    508.658
         0          0          0          1

<-Total transform 209->iterations: 21#
  0.970505  -0.141001   0.195548    668.535
   0.13291   0.989658  0.0539671    126.835
 -0.201135 -0.0263851   0.979208    526.919
         0          0          0          1

