<-Total transform 2->iterations: 33#
           1  0.000612208 -0.000522909    -0.370157
-0.000611768     0.999999  0.000840086    -0.391141
 0.000523423 -0.000839766            1    -0.440892
           0            0            0            1

<-Total transform 3->iterations: 22#
     0.999999  2.94204e-005   -0.00160679       2.86221
-2.71786e-005      0.999999    0.00139519       2.12043
   0.00160683   -0.00139514      0.999998       9.65749
            0             0             0             1

<-Total transform 4->iterations: 2#
    0.999998 -0.000555795  -0.00173433      3.88956
 0.000560921     0.999995   0.00295649      1.00828
  0.00173268  -0.00295746     0.999994     -2.37046
           0            0            0            1

<-Total transform 5->iterations: 19#
   0.999997 -0.00203949 -0.00129724     4.06782
 0.00204494    0.999989  0.00421205      1.0717
 0.00128864 -0.00421469     0.99999    -2.86493
          0           0           0           1

<-Total transform 6->iterations: 30#
    0.999995  -0.00299903 -0.000594271      8.75001
  0.00300225      0.99998   0.00549522      5.05031
 0.000577779  -0.00549698     0.999985       6.0265
           0            0            0            1

<-Total transform 7->iterations: 8#
   0.999994 -0.00302811 -0.00183985     12.5087
 0.00303847    0.999979  0.00565188      5.1378
  0.0018227 -0.00565744    0.999982     5.64531
          0           0           0           1

<-Total transform 8->iterations: 31#
   0.999995 -0.00227563 -0.00233137     15.6319
 0.00228917     0.99998  0.00582375     3.85194
 0.00231807 -0.00582906     0.99998     4.29394
          0           0           0           1

<-Total transform 9->iterations: 19#
   0.999997 -0.00119253 -0.00189641     24.6648
 0.00120607    0.999974   0.0071564     2.46827
 0.00188783 -0.00715867    0.999973     19.4485
          0           0           0           1

<-Total transform 10->iterations: 55#
     0.999999  1.83431e-005   -0.00149743       25.6288
-5.77929e-006      0.999965    0.00838983       1.34398
   0.00149753   -0.00838981      0.999964       20.4023
            0             0             0             1

<-Total transform 11->iterations: 2#
           1 -0.000526047 -0.000667626      26.5097
 0.000531999      0.99996   0.00894717         1.88
 0.000662892  -0.00894752      0.99996       21.387
           0            0            0            1

<-Total transform 12->iterations: 2#
    0.999999  -0.00142865  0.000686845      27.9751
  0.00142131     0.999943    0.0105642      3.45292
-0.000701899   -0.0105632     0.999944      21.3997
           0            0            0            1

<-Total transform 13->iterations: 16#
    0.999999 -0.000623203   0.00146702      31.2977
 0.000604812     0.999922    0.0125038      2.15932
  -0.0014747   -0.0125029     0.999921      20.7857
           0            0            0            1

<-Total transform 14->iterations: 25#
    0.999995 -0.000499487   0.00295881      32.0896
 0.000456921     0.999897    0.0143694      2.18901
 -0.00296568    -0.014368     0.999892      21.6484
           0            0            0            1

<-Total transform 15->iterations: 2#
    0.99999 -0.00152878   0.0042218     33.0156
 0.00145985    0.999866   0.0162825     3.49465
-0.00424612  -0.0162762    0.999859     22.5224
          0           0           0           1

<-Total transform 16->iterations: 2#
   0.999981 -0.00162292   0.0059218     34.3971
 0.00151778    0.999842   0.0177165     4.01898
-0.00594962  -0.0177071    0.999826      23.918
          0           0           0           1

<-Total transform 17->iterations: 46#
   0.999968 -0.00118569  0.00788844      37.619
 0.00103283    0.999812   0.0193538     4.20411
-0.00790991   -0.019345    0.999782     27.2797
          0           0           0           1

<-Total transform 18->iterations: 15#
    0.99994 -0.00342137   0.0103659     46.1039
 0.00318133    0.999728   0.0230856     4.78089
  -0.010442  -0.0230513     0.99968      37.459
          0           0           0           1

<-Total transform 19->iterations: 12#
   0.999897 -0.00701799   0.0124937     51.4297
 0.00669096    0.999639   0.0260282     5.36399
 -0.0126718  -0.0259419    0.999583     41.3333
          0           0           0           1

<-Total transform 20->iterations: 35#
   0.999856 -0.00800547    0.014936     53.8146
 0.00756903    0.999549   0.0290517     9.25308
 -0.0151618  -0.0289344    0.999466     48.8342
          0           0           0           1

<-Total transform 21->iterations: 7#
   0.999812 -0.00971085   0.0167875     58.7482
 0.00917872    0.999462   0.0314898     9.59059
 -0.0170843  -0.0313297    0.999363      51.468
          0           0           0           1

<-Total transform 22->iterations: 10#
  0.999782 -0.0116408    0.01731    66.5319
  0.011074   0.999411  0.0324895    9.84385
 -0.017678 -0.0322908   0.999322    59.0086
         0          0          0          1

<-Total transform 23->iterations: 41#
  0.999765 -0.0115341  0.0183549    73.3932
 0.0109102   0.999371   0.033734    9.88872
-0.0187325 -0.0335258   0.999262     70.366
         0          0          0          1

<-Total transform 24->iterations: 2#
  0.999745 -0.0126461  0.0186973    74.4208
 0.0119977   0.999336   0.034396    12.4905
-0.0191198 -0.0341629   0.999233    72.7534
         0          0          0          1

<-Total transform 25->iterations: 6#
   0.99971 -0.0143045  0.0193516    77.6575
 0.0136329   0.999315  0.0343992    12.8988
-0.0198305 -0.0341254   0.999221     71.015
         0          0          0          1

<-Total transform 26->iterations: 73#
  0.999643 -0.0150898  0.0220705    74.2729
 0.0143186   0.999295  0.0346933    13.2232
-0.0225785 -0.0343649   0.999154    69.0761
         0          0          0          1

<-Total transform 27->iterations: 35#
  0.999515 -0.0196553  0.0241548    66.1374
   0.01882   0.999233  0.0343354    16.0252
-0.0248111 -0.0338642   0.999118    68.6349
         0          0          0          1

<-Total transform 28->iterations: 14#
  0.999372 -0.0233566  0.0266417    67.5874
  0.022439   0.999162  0.0342388    17.9923
-0.0274191 -0.0336195   0.999059    70.0999
         0          0          0          1

<-Total transform 29->iterations: 9#
  0.999237 -0.0263325  0.0288277    70.4573
 0.0253386    0.99909   0.034319    19.8476
-0.0297051 -0.0335624   0.998995    70.5362
         0          0          0          1

<-Total transform 30->iterations: 2#
  0.999155  -0.027925  0.0301681    71.7601
 0.0268887   0.999052  0.0342266    22.8688
-0.0310953 -0.0333865   0.998959    71.2378
         0          0          0          1

<-Total transform 31->iterations: 2#
  0.999099 -0.0292703  0.0307332    71.7582
 0.0281846   0.998983  0.0351845    27.4734
-0.0317318 -0.0342866   0.998908    75.1791
         0          0          0          1

<-Total transform 32->iterations: 7#
  0.999007 -0.0319435  0.0310581    70.2414
  0.030744   0.998791  0.0383583    29.4959
-0.0322458 -0.0373653   0.998781    82.5446
         0          0          0          1

<-Total transform 33->iterations: 2#
  0.998897 -0.0334307  0.0329763     70.156
 0.0319746   0.998531  0.0437375    36.2217
  -0.03439 -0.0426348   0.998499    86.2709
         0          0          0          1

<-Total transform 34->iterations: 7#
    0.9987 -0.0373814   0.034661    72.9329
 0.0357817   0.998315  0.0456767    36.9154
  -0.03631  -0.044377   0.998355    95.1719
         0          0          0          1

<-Total transform 35->iterations: 6#
  0.998536 -0.0411991  0.0350515    74.5376
  0.039489   0.998059  0.0481576    38.5835
-0.0369675 -0.0467029   0.998225    101.664
         0          0          0          1

<-Total transform 36->iterations: 22#
  0.998503 -0.0413895  0.0357585    75.9044
 0.0395693   0.997955  0.0501939    34.2993
-0.0377629 -0.0487038   0.998099    91.1455
         0          0          0          1

<-Total transform 37->iterations: 4#
  0.998428  -0.041296  0.0378938    81.4723
 0.0393012   0.997876  0.0519588    33.9042
 -0.039959 -0.0503878    0.99793    88.1918
         0          0          0          1

<-Total transform 38->iterations: 2#
  0.998146 -0.0435374  0.0425267    86.9447
 0.0411351   0.997593  0.0558183    42.2209
-0.0448545 -0.0539655   0.997535    84.8531
         0          0          0          1

<-Total transform 39->iterations: 4#
  0.997871 -0.0458264  0.0464007    91.4562
 0.0431502   0.997434  0.0571235    43.6674
-0.0488995 -0.0549997   0.997288    86.6168
         0          0          0          1

<-Total transform 40->iterations: 4#
  0.997175  -0.053089  0.0531457    96.8235
 0.0499725   0.997045  0.0583456    48.9356
-0.0560862  -0.055525   0.996881    92.0918
         0          0          0          1

<-Total transform 41->iterations: 5#
  0.996659 -0.0558201  0.0596295    99.8106
 0.0521541   0.996752  0.0613622    51.8323
-0.0628611 -0.0580472   0.996333    95.1925
         0          0          0          1

<-Total transform 42->iterations: 5#
  0.996067  -0.060355  0.0648685    119.275
 0.0562453   0.996401  0.0634157     56.973
-0.0684625 -0.0595177   0.995877    93.8559
         0          0          0          1

<-Total transform 43->iterations: 2#
  0.995583 -0.0623491    0.07019    130.664
 0.0576598   0.996088   0.066962       66.7
-0.0740904 -0.0626191   0.995284     88.659
         0          0          0          1

<-Total transform 44->iterations: 2#
  0.994963 -0.0637317  0.0773724    138.009
    0.0584   0.995884  0.0693209    73.1724
-0.0814719 -0.0644532   0.994589    88.0414
         0          0          0          1

<-Total transform 45->iterations: 2#
  0.994166 -0.0670939  0.0844571    146.471
 0.0612746   0.995684  0.0697067    86.3243
-0.0887695 -0.0641249   0.993986    83.1263
         0          0          0          1

<-Total transform 46->iterations: 28#
  0.993418 -0.0672606  0.0927172    154.277
 0.0609605   0.995739  0.0691868      84.34
-0.0969757 -0.0630793   0.993286    86.0157
         0          0          0          1

<-Total transform 47->iterations: 4#
  0.992819 -0.0673974  0.0988361    164.322
 0.0608501    0.99584   0.067829    79.0859
 -0.102996 -0.0613277   0.992789    90.3987
         0          0          0          1

<-Total transform 48->iterations: 4#
  0.992254 -0.0670523   0.104573    179.684
 0.0600245   0.995812   0.068966    74.0465
 -0.108759 -0.0621549   0.992123    96.7512
         0          0          0          1

<-Total transform 49->iterations: 3#
  0.991623 -0.0646965   0.111795    195.552
 0.0570861   0.995913  0.0699865    65.7059
 -0.115866 -0.0630182   0.991264    101.902
         0          0          0          1

<-Total transform 50->iterations: 8#
  0.991068   -0.06607   0.115839     203.47
 0.0582893    0.99589  0.0693181    71.3205
 -0.119943 -0.0619467   0.990846    106.548
         0          0          0          1

<-Total transform 51->iterations: 17#
  0.990501 -0.0693052   0.118764    212.506
 0.0614231   0.995738  0.0687938    73.5208
 -0.123025 -0.0608455   0.990537    111.638
         0          0          0          1

<-Total transform 52->iterations: 2#
  0.990174 -0.0702857   0.120892    217.328
  0.062166   0.995631  0.0696771    78.1651
 -0.125261 -0.0614771   0.990217    112.462
         0          0          0          1

<-Total transform 53->iterations: 18#
  0.990021 -0.0692538   0.122725    230.689
 0.0611148   0.995751  0.0688894    74.7334
 -0.126975 -0.0607017   0.990047    120.068
         0          0          0          1

<-Total transform 54->iterations: 30#
  0.990105 -0.0671969   0.123193    237.534
 0.0591653   0.995947  0.0677363    67.9652
 -0.127246 -0.0597773   0.990068    112.246
         0          0          0          1

<-Total transform 55->iterations: 4#
  0.990068   -0.06559   0.124348    254.087
 0.0575064   0.996059  0.0675215    57.4775
 -0.128287 -0.0597001   0.989939    99.5554
         0          0          0          1

<-Total transform 56->iterations: 2#
  0.990029 -0.0678189   0.123465    261.058
 0.0597739   0.995911  0.0677415    67.3766
 -0.127554 -0.0596861   0.990034    99.0975
         0          0          0          1

<-Total transform 57->iterations: 4#
  0.990452 -0.0726491   0.117163    260.209
 0.0651516    0.99565  0.0666039    70.0053
 -0.121492 -0.0583346   0.990877    100.716
         0          0          0          1

<-Total transform 58->iterations: 39#
  0.990848 -0.0689331   0.116055    268.644
 0.0619978   0.996127  0.0623475    60.5737
 -0.119903 -0.0545817   0.991284    96.1203
         0          0          0          1

<-Total transform 59->iterations: 3#
  0.990976 -0.0717588   0.113212    262.059
 0.0652793   0.996065  0.0599429    61.1548
 -0.117068 -0.0520116   0.991761     98.948
         0          0          0          1

<-Total transform 60->iterations: 4#
  0.991053 -0.0714249   0.112753    261.718
  0.065068    0.99613  0.0590908    60.6755
 -0.116537 -0.0512255   0.991864    115.559
         0          0          0          1

<-Total transform 61->iterations: 2#
  0.990795 -0.0772385   0.111169    263.106
 0.0712832    0.99585  0.0565875    70.0961
 -0.115079 -0.0481421   0.992189    129.556
         0          0          0          1

<-Total transform 62->iterations: 2#
  0.990658  -0.084054   0.107387     262.55
 0.0788898   0.995554   0.051472    80.2113
 -0.111236 -0.0425193   0.992884    141.855
         0          0          0          1

<-Total transform 63->iterations: 4#
   0.99114 -0.0809149   0.105329    267.706
 0.0760247   0.995869  0.0496491     62.762
 -0.108911 -0.0412016   0.993197    158.381
         0          0          0          1

<-Total transform 64->iterations: 3#
  0.991418 -0.0783417   0.104659    284.868
 0.0734093   0.996039  0.0501831    50.8656
 -0.108176 -0.0420694   0.993241    158.821
         0          0          0          1

<-Total transform 65->iterations: 2#
  0.991541 -0.0826377   0.100089    290.965
 0.0783424   0.995859  0.0461167    79.2565
 -0.103486 -0.0378853   0.993909    145.568
         0          0          0          1

<-Total transform 66->iterations: 12#
  0.992173 -0.0747593   0.100014    302.295
 0.0708493   0.996598   0.042096    58.8275
 -0.102821 -0.0346806   0.994095    175.406
         0          0          0          1

<-Total transform 67->iterations: 31#
  0.991998  -0.066008   0.107622     324.36
 0.0613315   0.997048  0.0462024    51.8221
 -0.110354 -0.0392321   0.993118     194.99
         0          0          0          1

<-Total transform 68->iterations: 3#
  0.991344 -0.0765128   0.106692    334.673
 0.0717921   0.996292  0.0474116    62.3509
 -0.109924 -0.0393416   0.993161    208.497
         0          0          0          1

<-Total transform 69->iterations: 16#
  0.990312 -0.0934963   0.102667    340.589
 0.0890735   0.994922  0.0468597    70.6872
 -0.106527 -0.0372608   0.993611    209.972
         0          0          0          1

<-Total transform 70->iterations: 17#
  0.990244  -0.092199   0.104483     356.29
  0.087519    0.99498   0.048535    65.5751
 -0.108433 -0.0389173   0.993342    206.298
         0          0          0          1

<-Total transform 71->iterations: 30#
  0.990559 -0.0867612   0.106136    360.324
 0.0817448   0.995361  0.0507428    60.6346
 -0.110046 -0.0415877   0.993056    170.157
         0          0          0          1

<-Total transform 72->iterations: 6#
  0.990694 -0.0887028   0.103236     365.96
 0.0838389   0.995197  0.0505449    64.5832
 -0.107224 -0.0414193   0.993372    187.472
         0          0          0          1

<-Total transform 73->iterations: 3#
  0.990593 -0.0901582    0.10294    372.759
 0.0853634   0.995091  0.0500795    70.3582
  -0.10695 -0.0408211   0.993426    185.494
         0          0          0          1

<-Total transform 74->iterations: 3#
  0.990783 -0.0835523   0.106619    395.524
 0.0784708   0.995611  0.0510046    52.2154
 -0.110413  -0.042168   0.992991    175.947
         0          0          0          1

<-Total transform 75->iterations: 16#
  0.991565 -0.0730719   0.107046    409.671
 0.0681545   0.996476  0.0489015    39.6996
 -0.110242 -0.0411934   0.993051    189.765
         0          0          0          1

<-Total transform 76->iterations: 3#
  0.991862 -0.0686519   0.107224    427.488
  0.063837   0.996819  0.0477137    22.7602
 -0.110158 -0.0404806   0.993089    200.103
         0          0          0          1

<-Total transform 77->iterations: 5#
  0.991973 -0.0643289   0.108864    434.199
 0.0592775   0.997037  0.0490213   0.372104
 -0.111695 -0.0421746   0.992847    188.338
         0          0          0          1

<-Total transform 78->iterations: 21#
  0.991633 -0.0615069   0.113494    457.777
 0.0562398   0.997212  0.0490441   -17.3138
 -0.116195 -0.0422509   0.992327    200.761
         0          0          0          1

<-Total transform 79->iterations: 7#
  0.991235 -0.0600247   0.117685    486.707
 0.0544559   0.997265  0.0499799   -18.7974
 -0.120363 -0.0431332   0.991792    201.165
         0          0          0          1

<-Total transform 80->iterations: 8#
  0.990605 -0.0599953   0.122892     510.86
 0.0541201   0.997251  0.0506038   -21.0729
  -0.12559 -0.0434775   0.991129    214.654
         0          0          0          1

<-Total transform 81->iterations: 12#
  0.989904 -0.0586348   0.129046     533.27
 0.0523341   0.997291  0.0516886   -24.5017
 -0.131727 -0.0444132   0.990291    224.117
         0          0          0          1

<-Total transform 82->iterations: 26#
  0.989066 -0.0587678   0.135256    555.576
 0.0519508   0.997221  0.0533931   -32.2647
 -0.138018 -0.0457826   0.989371     217.85
         0          0          0          1

<-Total transform 83->iterations: 2#
  0.988137  -0.060456   0.141173      565.2
 0.0531259   0.997065  0.0551301   -23.0267
 -0.144091 -0.0469762   0.988449    214.059
         0          0          0          1

<-Total transform 84->iterations: 16#
  0.987378 -0.0597685   0.146671    579.792
 0.0518316   0.997008  0.0573541   -29.0782
  -0.14966  -0.049028   0.987521    210.765
         0          0          0          1

<-Total transform 85->iterations: 15#
  0.986356 -0.0559485   0.154825    590.629
 0.0470888   0.997068  0.0603142   -33.2334
 -0.157746 -0.0522008   0.986099    190.737
         0          0          0          1

<-Total transform 86->iterations: 5#
  0.984474 -0.0566764   0.166127    610.843
  0.047049   0.997008  0.0613283   -34.0465
 -0.169106 -0.0525601   0.984195     186.57
         0          0          0          1

<-Total transform 87->iterations: 5#
  0.982489 -0.0643796   0.174843    627.338
 0.0546475   0.996706  0.0599216   -24.3771
 -0.178125 -0.0493176   0.982771    190.238
         0          0          0          1

<-Total transform 88->iterations: 73#
  0.981645 -0.0533449   0.183105    661.758
 0.0431532   0.997313  0.0592035   -48.8297
 -0.185771 -0.0502152   0.981309    170.201
         0          0          0          1

<-Total transform 89->iterations: 4#
  0.981032 -0.0522191   0.186678    682.109
 0.0413204   0.997232  0.0618065   -62.4804
 -0.189389 -0.0529206   0.980475    175.425
         0          0          0          1

<-Total transform 90->iterations: 4#
  0.980334 -0.0589379    0.18834     691.34
 0.0470899   0.996656  0.0667784   -54.4038
 -0.191646 -0.0565962   0.979831    183.091
         0          0          0          1

<-Total transform 91->iterations: 19#
  0.979436 -0.0650794   0.190973    708.127
 0.0523294   0.996098  0.0710682   -46.7777
 -0.194853 -0.0596133   0.979019    196.041
         0          0          0          1

<-Total transform 92->iterations: 32#
  0.978892  -0.068083   0.192702    727.116
 0.0548608   0.995811  0.0731439   -42.1289
 -0.196875 -0.0610282   0.978527    197.301
         0          0          0          1

<-Total transform 93->iterations: 38#
  0.978435 -0.0737934   0.192921    749.616
 0.0604917   0.995425  0.0739607   -34.5592
 -0.197496 -0.0606957   0.978423    191.757
         0          0          0          1

<-Total transform 94->iterations: 3#
  0.978425  -0.073948   0.192913    771.903
 0.0607831   0.995456  0.0732984   -34.7932
 -0.197457 -0.0599912   0.978474    193.377
         0          0          0          1

<-Total transform 95->iterations: 4#
  0.978685  -0.069276   0.193328     784.94
 0.0561344   0.995776  0.0726511   -61.0539
 -0.197544 -0.0602502   0.978441    189.639
         0          0          0          1

<-Total transform 96->iterations: 4#
  0.978798 -0.0673268   0.193448    802.726
 0.0540759   0.995866  0.0729865   -74.2844
 -0.197562 -0.0609781   0.978392    221.027
         0          0          0          1

<-Total transform 97->iterations: 6#
  0.978963 -0.0689787   0.192026    834.864
 0.0557873    0.99575  0.0732808   -71.7725
 -0.196265 -0.0610265    0.97865    241.447
         0          0          0          1

<-Total transform 98->iterations: 21#
  0.979169 -0.0682966   0.191216    853.428
 0.0554821    0.99589  0.0715919   -67.9761
 -0.195319 -0.0594915   0.978934    240.037
         0          0          0          1

<-Total transform 99->iterations: 43#
  0.979308 -0.0648391   0.191708    887.827
 0.0522287    0.99617  0.0701214   -82.2209
 -0.195521 -0.0586578   0.978944     237.05
         0          0          0          1

<-Total transform 100->iterations: 4#
  0.979436 -0.0618934   0.192026    911.728
  0.049675   0.996461   0.067808   -103.244
 -0.195543 -0.0568748   0.979045    232.578
         0          0          0          1

<-Total transform 101->iterations: 3#
  0.979765 -0.0639502   0.189659    922.894
 0.0522407   0.996444  0.0661142   -85.5868
 -0.193213 -0.0548685   0.979622    229.809
         0          0          0          1

<-Total transform 102->iterations: 2#
  0.979908 -0.0660369   0.188201    925.545
  0.054486   0.996337   0.065907   -83.7386
 -0.191864 -0.0543285   0.979917    234.356
         0          0          0          1

<-Total transform 103->iterations: 4#
  0.979992 -0.0641032   0.188432     954.64
 0.0524348   0.996423  0.0662747   -97.9403
 -0.192006 -0.0550683   0.979847    246.267
         0          0          0          1

<-Total transform 104->iterations: 11#
  0.979939 -0.0639329   0.188764    982.005
  0.052864   0.996606  0.0631071   -102.143
 -0.192158 -0.0518623   0.979993    253.624
         0          0          0          1

<-Total transform 105->iterations: 29#
  0.979826 -0.0675368   0.188096    998.735
 0.0568061   0.996466  0.0618728   -95.3315
  -0.19161 -0.0499396     0.9802    250.348
         0          0          0          1

<-Total transform 106->iterations: 33#
 0.979057 -0.070683  0.190922   1014.65
0.0594564  0.996183  0.063911  -84.1789
-0.194711 -0.051221  0.979522   247.866
        0         0         0         1

<-Total transform 107->iterations: 13#
  0.978431 -0.0758327    0.19215    1029.32
 0.0645932    0.99585  0.0641063   -61.0263
 -0.196214  -0.050312   0.979269    246.973
         0          0          0          1

<-Total transform 108->iterations: 12#
  0.977601 -0.0779484   0.195503    1041.06
 0.0667644   0.995767  0.0631681    -57.278
 -0.199599 -0.0487006   0.978667    233.009
         0          0          0          1

<-Total transform 109->iterations: 19#
  0.976628 -0.0676032    0.20403     1083.5
 0.0555128   0.996378  0.0644167   -87.7529
 -0.207646 -0.0515848   0.976843     216.64
         0          0          0          1

<-Total transform 110->iterations: 90#
  0.976082 -0.0646258   0.207575    1106.62
 0.0519689   0.996474  0.0658654   -93.7189
   -0.2111 -0.0535025   0.975999    226.915
         0          0          0          1

<-Total transform 111->iterations: 15#
  0.975154 -0.0691528    0.21046    1125.74
 0.0561797   0.996169  0.0670151   -76.6524
 -0.214288 -0.0535264   0.975303    216.857
         0          0          0          1

<-Total transform 112->iterations: 96#
  0.973882  -0.071675   0.215444    1147.95
 0.0576436   0.995829  0.0707277   -68.4215
 -0.219615 -0.0564614   0.973951    206.275
         0          0          0          1

<-Total transform 113->iterations: 2#
   0.97292 -0.0734947   0.219145    1162.93
 0.0582661   0.995467  0.0751709   -62.4634
 -0.223676 -0.0603666   0.972792    202.459
         0          0          0          1

<-Total transform 114->iterations: 20#
  0.971678 -0.0789201   0.222741    1190.14
  0.063336   0.995073  0.0762728   -55.9584
 -0.227663 -0.0600051   0.971889      199.9
         0          0          0          1

<-Total transform 115->iterations: 22#
  0.969402 -0.0744493   0.233917    1211.92
 0.0572889   0.995201  0.0793275   -65.1042
   -0.2387 -0.0634994   0.969015     185.96
         0          0          0          1

<-Total transform 116->iterations: 7#
  0.966102 -0.0785302   0.245926    1245.49
 0.0597776    0.99477  0.0828225   -60.7867
 -0.251144 -0.0653142   0.965744    172.142
         0          0          0          1

<-Total transform 117->iterations: 4#
  0.963236 -0.0831868   0.255452    1248.48
 0.0627353   0.994213  0.0872043   -55.1828
 -0.261228 -0.0679725   0.962881    163.244
         0          0          0          1

<-Total transform 118->iterations: 2#
  0.961766 -0.0871379   0.259639    1261.13
 0.0655388   0.993717   0.090731   -41.4205
 -0.265914 -0.0702456   0.961434    166.726
         0          0          0          1

<-Total transform 119->iterations: 14#
  0.961013 -0.0887635   0.261868    1280.55
 0.0673769   0.993699  0.0895649   -37.7235
 -0.268168 -0.0684292   0.960939    163.326
         0          0          0          1

<-Total transform 120->iterations: 31#
  0.959718 -0.0822912   0.268645    1305.83
 0.0609923   0.994365  0.0867023   -53.6431
 -0.274266 -0.0668245   0.959329     158.09
         0          0          0          1

<-Total transform 121->iterations: 4#
  0.958015 -0.0813612   0.274931    1325.68
 0.0597139   0.994485  0.0862241   -65.7536
  -0.28043 -0.0661868    0.95759    172.315
         0          0          0          1

<-Total transform 122->iterations: 5#
    0.9566 -0.0851928   0.278674    1325.58
 0.0637973   0.994338  0.0849813   -58.8936
 -0.284336 -0.0635144   0.956619     157.04
         0          0          0          1

<-Total transform 123->iterations: 4#
  0.954726 -0.0836879   0.285472    1350.84
 0.0625778   0.994641  0.0823015   -77.8393
 -0.290829 -0.0607112   0.954847    155.133
         0          0          0          1

<-Total transform 124->iterations: 7#
  0.951425 -0.0863009   0.295537    1382.23
 0.0656623   0.994703  0.0790798   -76.1664
 -0.300796 -0.0558328   0.952053    141.718
         0          0          0          1

<-Total transform 125->iterations: 4#
  0.948905 -0.0934625   0.301403    1397.18
 0.0739764   0.994401   0.075456   -61.4844
 -0.306768 -0.0493039   0.950507     138.63
         0          0          0          1

<-Total transform 126->iterations: 19#
  0.946689 -0.0949837   0.307828    1418.57
 0.0759674   0.994419  0.0732101   -57.5452
 -0.313064 -0.0459223   0.948621    136.051
         0          0          0          1

<-Total transform 127->iterations: 11#
  0.945382 -0.0919897   0.312716    1452.28
 0.0730555   0.994743  0.0717611   -74.8494
 -0.317673  -0.044996   0.947132    161.523
         0          0          0          1

<-Total transform 128->iterations: 2#
  0.944271 -0.0955057   0.315008    1465.96
 0.0770503   0.994527   0.070559   -56.5379
 -0.320023 -0.0423554   0.946462      175.1
         0          0          0          1

<-Total transform 129->iterations: 6#
  0.943504  -0.102645   0.315061     1481.3
 0.0845748   0.993917  0.0705392   -40.0652
 -0.320385 -0.0399079   0.946446    190.068
         0          0          0          1

<-Total transform 130->iterations: 16#
  0.942927  -0.102019   0.316987    1496.31
  0.083705   0.993965  0.0709025   -47.2468
 -0.322308 -0.0403225   0.945776    190.365
         0          0          0          1

<-Total transform 131->iterations: 10#
  0.942909 -0.0998543   0.317729    1521.09
  0.082516   0.994294   0.067603   -61.3097
 -0.322666 -0.0375258   0.945769     201.71
         0          0          0          1

<-Total transform 132->iterations: 29#
  0.943394 -0.0993272   0.316453    1528.82
 0.0831672   0.994465  0.0642056   -56.6899
 -0.321079 -0.0342526   0.946433    197.206
         0          0          0          1

<-Total transform 133->iterations: 22#
  0.943734  -0.098439   0.315716    1548.65
 0.0827465   0.994592  0.0627651   -65.6098
 -0.320187 -0.0331092   0.946776    230.916
         0          0          0          1

<-Total transform 134->iterations: 5#
  0.944675 -0.0971259   0.313297    1576.36
 0.0823123   0.994787  0.0602021   -74.5994
 -0.317511 -0.0310833   0.947745    256.345
         0          0          0          1

<-Total transform 135->iterations: 84#
  0.945651 -0.0959897   0.310692     1601.2
 0.0819458   0.994949  0.0579759    -80.775
 -0.314688 -0.0293651   0.948741    267.448
         0          0          0          1

<-Total transform 136->iterations: 48#
  0.946636 -0.0959014   0.307705     1605.4
 0.0823815   0.994989  0.0566627   -77.3381
 -0.311597 -0.0282897   0.949793    270.089
         0          0          0          1

<-Total transform 137->iterations: 4#
  0.947091 -0.0972261   0.305885    1604.46
 0.0839618    0.99488  0.0562592   -71.5616
 -0.309788    -0.0276   0.950405    289.293
         0          0          0          1

<-Total transform 138->iterations: 17#
  0.947708 -0.0961957   0.304296    1613.24
 0.0837183   0.995035  0.0538213   -76.4742
 -0.307963 -0.0255317   0.951056    298.853
         0          0          0          1

<-Total transform 139->iterations: 25#
  0.947898 -0.0954761   0.303931    1624.33
 0.0828893    0.99509  0.0540805   -85.6372
 -0.307602 -0.0260702   0.951158    341.509
         0          0          0          1

<-Total transform 140->iterations: 2#
  0.948065 -0.0982598   0.302518    1626.36
 0.0854002   0.994801   0.055481   -75.9428
 -0.306396 -0.0267645   0.951528    356.553
         0          0          0          1

<-Total transform 141->iterations: 3#
  0.948471 -0.0991929   0.300938    1640.66
 0.0856558   0.994642  0.0578835   -77.2124
 -0.305067 -0.0291237   0.951885    355.404
         0          0          0          1

<-Total transform 142->iterations: 5#
  0.948928 -0.0986598   0.299669    1667.88
 0.0839839   0.994568  0.0614983   -83.7203
 -0.304108 -0.0331901   0.952059    363.294
         0          0          0          1

<-Total transform 143->iterations: 10#
  0.949813 -0.0986839   0.296845    1681.01
 0.0844911   0.994598  0.0603008   -75.5607
 -0.301192 -0.0321937    0.95302    369.282
         0          0          0          1

<-Total transform 144->iterations: 24#
   0.9506 -0.101767  0.293264    1698.5
0.0870078  0.994215 0.0629763  -60.9761
-0.297977 -0.034349  0.953955   375.958
        0         0         0         1

<-Total transform 145->iterations: 3#
  0.951222  -0.103696   0.290556    1714.73
 0.0882958   0.993928  0.0656594   -45.3133
 -0.295601 -0.0368018   0.954602    374.253
         0          0          0          1

<-Total transform 146->iterations: 40#
  0.951214  -0.103256   0.290742    1741.08
 0.0878523   0.993972  0.0655823   -49.1909
 -0.295761 -0.0368404   0.954551    373.405
         0          0          0          1

<-Total transform 147->iterations: 5#
  0.950963  -0.105554   0.290737    1766.78
 0.0903802   0.993772  0.0651739   -37.0115
 -0.295806 -0.0357011   0.954581    376.484
         0          0          0          1

<-Total transform 148->iterations: 4#
 0.950498 -0.110858  0.290282   1784.31
0.0967762  0.993344  0.062473  -30.1979
-0.295276 -0.031288    0.9549    376.94
        0         0         0         1

<-Total transform 149->iterations: 7#
  0.950051  -0.113855   0.290587    1815.96
  0.100519   0.993096   0.060467   -24.1037
 -0.295465 -0.0282372   0.954936    380.117
         0          0          0          1

<-Total transform 150->iterations: 55#
  0.949586  -0.112952   0.292452    1830.46
  0.100059   0.993247  0.0587257   -30.6124
  -0.29711 -0.0265027   0.954475    373.922
         0          0          0          1

<-Total transform 151->iterations: 19#
  0.948506  -0.116094   0.294717    1839.77
  0.104829   0.993034  0.0537951   -1.80766
 -0.298909 -0.0201303   0.954069    371.112
         0          0          0          1

<-Total transform 152->iterations: 8#
  0.946463   -0.11931   0.299954    1861.21
  0.109873   0.992776     0.0482     5.6873
 -0.303538 -0.0126627   0.952735    368.519
         0          0          0          1

<-Total transform 153->iterations: 3#
  0.945305  -0.122533   0.302299    1877.19
  0.113342   0.992404  0.0478291    18.1149
 -0.305863 -0.0109498   0.952013     371.51
         0          0          0          1

<-Total transform 154->iterations: 2#
   0.944591   -0.123952    0.303948     1893.62
   0.115512    0.992256   0.0456677     25.4642
  -0.307254 -0.00802758    0.951594     374.916
          0           0           0           1

<-Total transform 155->iterations: 4#
   0.944084   -0.116462    0.308452     1933.83
   0.109694     0.99319   0.0392531    -12.5577
  -0.310923 -0.00322266     0.95043     365.701
          0           0           0           1

<-Total transform 156->iterations: 57#
  0.942826  -0.111476    0.31409    1947.46
  0.106527   0.993764  0.0329341   -34.3587
 -0.315803 0.00240797   0.948822    349.756
         0          0          0          1

<-Total transform 157->iterations: 27#
  0.940644  -0.114169   0.319616    1952.72
  0.110919   0.993423  0.0284163   -12.1979
 -0.320758 0.00872195   0.947121    327.855
         0          0          0          1

<-Total transform 158->iterations: 5#
 0.938513 -0.116926   0.32484   1965.02
 0.115193  0.993038 0.0246336  -2.88626
-0.325458 0.0143004  0.945448   320.383
        0         0         0         1

<-Total transform 159->iterations: 3#
 0.938986 -0.117331  0.323325   1980.55
 0.117742  0.992874 0.0183611   4.42418
-0.323175 0.0208282   0.94611    316.07
        0         0         0         1

<-Total transform 160->iterations: 20#
 0.940892 -0.113507  0.319123   2005.74
 0.115434  0.993231 0.0129351   6.04154
-0.318431 0.0246671  0.947625   333.745
        0         0         0         1

<-Total transform 161->iterations: 25#
  0.941595  -0.109081   0.318592     2025.4
  0.111754   0.993686 0.00993792    8.49062
 -0.317664  0.0262463    0.94784    336.109
         0          0          0          1

<-Total transform 162->iterations: 5#
 0.941658 -0.109403  0.318293   2051.33
 0.112307   0.99363 0.0092719   13.7293
 -0.31728 0.0270157  0.947947   337.673
        0         0         0         1

<-Total transform 163->iterations: 11#
  0.942124  -0.111574   0.316153    2070.31
  0.114673   0.993364 0.00884748    25.5548
 -0.315042  0.0279189   0.948667    349.237
         0          0          0          1

<-Total transform 164->iterations: 92#
  0.942731  -0.110626   0.314673    2094.16
  0.114044   0.993447 0.00758889    16.4522
 -0.313451  0.0287324    0.94917    363.628
         0          0          0          1

<-Total transform 165->iterations: 11#
  0.943014  -0.110485   0.313876    2124.88
  0.113853   0.993468 0.00764271    15.5492
 -0.312671  0.0285286   0.949433    391.121
         0          0          0          1

<-Total transform 166->iterations: 3#
  0.943651  -0.114968   0.310332    2144.59
  0.118085   0.992965 0.00878872    30.2056
 -0.309159  0.0283522   0.950588    404.532
         0          0          0          1

<-Total transform 167->iterations: 7#
 0.945645 -0.118226  0.302948   2162.56
 0.120776  0.992626 0.0103752   40.3225
 -0.30194 0.0267776  0.952951   440.937
        0         0         0         1

<-Total transform 168->iterations: 14#
 0.946626 -0.117101  0.300312    2185.2
 0.119403  0.992788 0.0107449   36.2426
-0.299404 0.0256867   0.95378   456.624
        0         0         0         1

<-Total transform 169->iterations: 55#
 0.948136 -0.117809  0.295227   2207.62
 0.119854  0.992728 0.0112253   39.1078
-0.294403 0.0247411  0.955361   463.718
        0         0         0         1

<-Total transform 170->iterations: 15#
  0.95028 -0.118279   0.28806   2231.43
 0.119061  0.992776 0.0148712   35.4938
-0.287738 0.0201649  0.957497   475.145
        0         0         0         1

<-Total transform 171->iterations: 65#
  0.95202 -0.117885   0.28242   2254.18
 0.116451  0.992954 0.0219196   45.9708
-0.283014 0.0120203   0.95904   484.969
        0         0         0         1

<-Total transform 172->iterations: 5#
  0.952736   -0.12188    0.27828    2269.48
  0.118563   0.992529  0.0287857    72.8508
  -0.27971 0.00556851   0.960069    490.446
         0          0          0          1

<-Total transform 173->iterations: 54#
   0.953105    -0.13044    0.273088     2287.51
   0.125007    0.991455   0.0372775     99.3608
  -0.275617 -0.00139136    0.961267     510.286
          0           0           0           1

<-Total transform 174->iterations: 50#
   0.954104   -0.129637    0.269962      2302.7
   0.122927     0.99154   0.0416907     80.3213
  -0.273083 -0.00659156    0.961968     516.436
          0           0           0           1

<-Total transform 175->iterations: 8#
   0.955174   -0.128098    0.266896     2327.39
   0.120682    0.991712     0.04408     64.2464
   -0.27033 -0.00989467    0.962717     519.272
          0           0           0           1

<-Total transform 176->iterations: 24#
  0.956035  -0.129365   0.263178    2345.58
  0.121286   0.991514    0.04679    69.5238
 -0.266998 -0.0128132   0.963612    522.803
         0          0          0          1

<-Total transform 177->iterations: 4#
  0.956616  -0.130193   0.260645    2369.75
  0.121693   0.991379  0.0485617    80.3098
 -0.264721 -0.0147363   0.964213    534.903
         0          0          0          1

<-Total transform 178->iterations: 16#
  0.957514   -0.12668   0.259074    2396.48
  0.118091   0.991817  0.0485166    61.5122
   -0.2631 -0.0158609   0.964638    537.892
         0          0          0          1

<-Total transform 179->iterations: 12#
 0.958241 -0.125185  0.257104   2435.06
 0.116792  0.992009 0.0477226   50.7012
-0.261024 -0.015702  0.965205   560.592
        0         0         0         1

<-Total transform 180->iterations: 2#
 0.958678 -0.127775  0.254186   2448.56
 0.119725  0.991696 0.0469587   70.5608
-0.258075 -0.014586  0.966015   567.333
        0         0         0         1

<-Total transform 181->iterations: 23#
  0.959147  -0.127545   0.252525    2447.83
  0.119876   0.991741  0.0455922    69.4261
 -0.256255 -0.0134579   0.966516    570.764
         0          0          0          1

<-Total transform 182->iterations: 7#
  0.959906  -0.122957   0.251917    2479.27
  0.116027   0.992347  0.0422404    57.3325
 -0.255183 -0.0113176   0.966827    573.893
         0          0          0          1

<-Total transform 183->iterations: 16#
   0.960134   -0.120837    0.252073     2510.23
   0.114609    0.992633   0.0392989     52.7863
  -0.254965 -0.00884234     0.96691     576.315
          0           0           0           1

<-Total transform 184->iterations: 28#
   0.960538   -0.120199    0.250838     2510.06
   0.114362    0.992721   0.0377715      50.357
  -0.253552 -0.00759457    0.967292     581.333
          0           0           0           1

<-Total transform 185->iterations: 40#
   0.960824   -0.118783    0.250416     2537.48
   0.112984     0.99289   0.0374613      42.821
  -0.253085 -0.00770065    0.967413     581.715
          0           0           0           1

<-Total transform 186->iterations: 11#
