<-One step transform 3->iterations: 2, Init error: 8.95609, SBA error7.77815#
   0.999999 -0.00054806  0.00147712     1.32568
0.000550215    0.999999 -0.00145918     1.42255
-0.00147632  0.00145999    0.999998    -7.01628
          0           0           0           1

<-One step transform 5->iterations: 28, Init error: 11.2352, SBA error7.52964#
           1  0.000651604  0.000606753      4.16884
-0.000651472            1 -0.000219122     -3.50637
-0.000606895  0.000218726            1      6.25047
           0            0            0            1

<-One step transform 7->iterations: 2, Init error: 11.9994, SBA error9.34125#
            1 -5.05495e-005   0.000698976       4.53004
 5.03973e-005             1   0.000217794      0.329369
 -0.000698987  -0.000217758             1      -13.0537
            0             0             0             1

<-One step transform 9->iterations: 2, Init error: 8.3408, SBA error6.74227#
    0.999998  0.000248034   0.00209863      4.88132
-0.000244877     0.999999  -0.00150436     -1.20259
   -0.002099   0.00150384     0.999997     -13.3497
           0            0            0            1

<-One step transform 11->iterations: 11, Init error: 9.78317, SBA error5.09479#
    0.999979  0.000226432   0.00642166      10.3524
 -0.00022375            1 -0.000418419     -1.06591
 -0.00642175  0.000416973     0.999979     -15.4708
           0            0            0            1

<-One step transform 13->iterations: 51, Init error: 11.381, SBA error5.83403#
     0.999997 -8.80841e-005    0.00236793         4.268
 8.77314e-005             1    0.00014906       2.02237
  -0.00236794  -0.000148852      0.999997       13.7362
            0             0             0             1

<-One step transform 15->iterations: 3, Init error: 30.9744, SBA error24.0014#
    0.999991   0.00126693   0.00414759      6.22072
  -0.0012656     0.999999 -0.000324939     -7.13582
 -0.00414799  0.000319687     0.999991       27.312
           0            0            0            1

<-One step transform 17->iterations: 24, Init error: 1174.51, SBA error584.236#
    0.999985  0.000803393   0.00537588      14.8546
-0.000807673     0.999999  0.000793992     -1.60751
 -0.00537524 -0.000798322     0.999985      5.62375
           0            0            0            1

<-One step transform 19->iterations: 27, Init error: 1167.22, SBA error782.597#
    0.999989  -0.00169722   0.00427592       5.2601
  0.00169639     0.999999  0.000198908       12.049
 -0.00427625 -0.000191652     0.999991      11.9713
           0            0            0            1

<-One step transform 21->iterations: 2, Init error: 22.1921, SBA error21.7049#
    0.99999 -0.00131403  0.00435643     8.45348
 0.00132107    0.999998 -0.00161322      7.7891
 -0.0043543  0.00161896    0.999989     -24.771
          0           0           0           1

<-One step transform 23->iterations: 2, Init error: 12.5293, SBA error7.72595#
    0.999996  0.000514404   0.00284137      4.83809
-0.000512091            1 -0.000814452     -2.51114
 -0.00284179  0.000812994     0.999996     -15.3042
           0            0            0            1

<-One step transform 25->iterations: 8, Init error: 29.0093, SBA error10.8515#
    0.999995  0.000741074   0.00313396      22.4085
-0.000737736     0.999999  -0.00106635      4.85887
 -0.00313475   0.00106404     0.999995      30.2205
           0            0            0            1

<-One step transform 27->iterations: 4, Init error: 54.6916, SBA error29.5355#
    0.999987  0.000877826   0.00495768      26.2108
-0.000867371     0.999997  -0.00211068     -17.2677
 -0.00495952   0.00210635     0.999985      27.5266
           0            0            0            1

<-One step transform 29->iterations: 8, Init error: 32.4252, SBA error19.4394#
   0.999985 -0.00131161  0.00535939     4.75026
 0.00131941    0.999998 -0.00145125     6.09652
-0.00535748  0.00145829    0.999985     29.3814
          0           0           0           1

<-One step transform 31->iterations: 20, Init error: 195.653, SBA error105.661#
    0.999953 -0.000361791    0.0097085       5.2782
 0.000374084     0.999999  -0.00126441    -0.452567
 -0.00970803   0.00126799     0.999952      33.1246
           0            0            0            1

<-One step transform 33->iterations: 36, Init error: 68.0122, SBA error43.3778#
   0.999969 -0.00146867   0.0077038     3.74076
 0.00147998    0.999998 -0.00146166     4.50793
-0.00770164  0.00147302    0.999969     29.1185
          0           0           0           1

<-One step transform 35->iterations: 6, Init error: 19.687, SBA error14.7341#
   0.999946 -0.00399326  0.00958871   -0.343982
 0.00400343    0.999991  -0.0010417     5.28542
-0.00958447  0.00108003    0.999953     31.7694
          0           0           0           1

<-One step transform 37->iterations: 44, Init error: 28.5411, SBA error20.8031#
   0.999978 -0.00107327  0.00655124     3.53824
  0.0010688    0.999999 0.000684727     4.89149
-0.00655197 -0.00067771    0.999978     27.6513
          0           0           0           1

<-One step transform 39->iterations: 16, Init error: 41.9902, SBA error25.3155#
    0.999978 -0.000368019   0.00661189      7.70165
 0.000372608            1  -0.00069282     0.705675
 -0.00661163  0.000695268     0.999978      28.2198
           0            0            0            1

<-One step transform 41->iterations: 39, Init error: 36.4739, SBA error26.1773#
   0.999974 -0.00206961  0.00697606    -1.08032
 0.00208176    0.999996 -0.00173407     3.86054
-0.00697244  0.00174854    0.999974     28.1745
          0           0           0           1

<-One step transform 43->iterations: 48, Init error: 248.023, SBA error146.942#
   0.999967 -0.00169902  0.00792842     1.53016
 0.00170918    0.999998  -0.0012744     1.76078
-0.00792624  0.00128791    0.999968     33.4565
          0           0           0           1

<-One step transform 45->iterations: 24, Init error: 290.177, SBA error144.1#
   0.999966 -0.00122595   0.0081322     9.22837
 0.00123769    0.999998  -0.0014394     2.25515
-0.00813042  0.00144942    0.999966     15.7883
          0           0           0           1

<-One step transform 47->iterations: 28, Init error: 21.2644, SBA error15.5352#
   0.999976 -0.00132902  0.00672903    -3.66851
 0.00133798    0.999998 -0.00132785     3.44174
-0.00672725  0.00133682    0.999976     23.6664
          0           0           0           1

<-One step transform 49->iterations: 4, Init error: 40.032, SBA error29.4812#
   0.999979 -0.00185195  0.00615912    -8.38486
 0.00186357    0.999996 -0.00188158     6.96634
-0.00615561  0.00189302    0.999979     33.0533
          0           0           0           1

<-One step transform 51->iterations: 81, Init error: 121.949, SBA error64.7747#
   0.999955 -0.00159126  0.00937259    -2.70947
 0.00162124    0.999994 -0.00319197    -1.73608
-0.00936745  0.00320703    0.999951     37.0373
          0           0           0           1

<-One step transform 53->iterations: 18, Init error: 2090.03, SBA error793.91#
     0.999994    -0.0024088    0.00237558       10.0933
     0.002409      0.999997 -8.21721e-005       5.14659
  -0.00237537  8.78944e-005      0.999997       3.65172
            0             0             0             1

<-One step transform 55->iterations: 24, Init error: 34.5708, SBA error29.2174#
     0.999995   -0.00141393    0.00281913       2.77016
   0.00141406      0.999999 -4.61938e-005       1.21792
  -0.00281906    5.018e-005      0.999996       29.0917
            0             0             0             1

<-One step transform 57->iterations: 15, Init error: 24.5586, SBA error12.5178#
   0.999996  0.00240551  0.00176766    -6.65822
-0.00240116    0.999994 -0.00246222     4.92065
-0.00177358  0.00245797    0.999995    -58.7878
          0           0           0           1

<-One step transform 59->iterations: 28, Init error: 953.349, SBA error370.455#
   0.999991   0.0020605  0.00363226    -1.29228
-0.00205545    0.999997 -0.00139536   -0.716045
-0.00363512  0.00138788    0.999992    -13.0517
          0           0           0           1

<-One step transform 61->iterations: 17, Init error: 33.1723, SBA error26.6974#
     0.999992 -5.39761e-005    0.00398992       3.06854
 5.22593e-005             1   0.000430371       0.83623
  -0.00398994  -0.000430159      0.999992       24.3503
            0             0             0             1

<-One step transform 63->iterations: 7, Init error: 29.5828, SBA error21.1496#
    0.999995   0.00142845   0.00263899      7.31361
  -0.0014265     0.999999 -0.000739269      9.89445
 -0.00264004  0.000735501     0.999996       22.234
           0            0            0            1

<-One step transform 65->iterations: 49, Init error: 73.7992, SBA error52.2675#
    0.999996   0.00136006   0.00252767      6.17476
 -0.00135935     0.999999 -0.000283498      -8.4119
 -0.00252805  0.000280061     0.999997       27.923
           0            0            0            1

<-One step transform 67->iterations: 34, Init error: 113.835, SBA error74.9176#
            1 -1.46481e-005   0.000235509       2.89343
 1.46237e-005             1    0.00010346      0.253803
 -0.000235511  -0.000103457             1       26.3268
            0             0             0             1

<-One step transform 69->iterations: 150, Init error: 252.789, SBA error130.443#
     0.999996    0.00125313    0.00266925       4.18748
  -0.00125293      0.999999 -7.45419e-005      -2.45274
  -0.00266934  7.11972e-005      0.999996       25.1087
            0             0             0             1

<-One step transform 71->iterations: 41, Init error: 25.2092, SBA error18.0673#
    0.999994  0.000114769   0.00333084     -5.64197
-0.000114071            1  -0.00020978    0.0416416
 -0.00333087  0.000209399     0.999994      34.5972
           0            0            0            1

<-One step transform 73->iterations: 21, Init error: 11.721, SBA error8.45768#
    0.999993 -0.000387979   0.00373085     -7.30612
 0.000389064            1 -0.000290119    0.0543473
 -0.00373074  0.000291568     0.999993      2.83706
           0            0            0            1

<-One step transform 75->iterations: 24, Init error: 8.42345, SBA error7.24793#
     0.999995  2.90953e-005    0.00327473        -1.639
-2.82258e-005             1  -0.000265585  9.42341e-005
  -0.00327474   0.000265491      0.999995     -0.385742
            0             0             0             1

<-One step transform 77->iterations: 18, Init error: 471.852, SBA error220.564#
           1 -0.000544863   0.00053017      11.2574
 0.000544641            1  0.000419296      1.06529
-0.000530398 -0.000419008            1     -4.53755
           0            0            0            1

<-One step transform 79->iterations: 24, Init error: 53.8804, SBA error33.5514#
   0.999997   0.0022139 0.000558495     11.7611
-0.00221326    0.999997 -0.00113267    0.978984
  -0.000561  0.00113143    0.999999     29.4657
          0           0           0           1

<-One step transform 81->iterations: 4, Init error: 44.3579, SBA error29.2505#
    0.999999   0.00149968  0.000526547      4.09117
 -0.00149924     0.999999 -0.000825643     -8.40582
-0.000527785  0.000824852            1      22.9204
           0            0            0            1

<-One step transform 83->iterations: 25, Init error: 41.1548, SBA error25.5945#
           1  -0.00012657  0.000226643       3.5851
 0.000126609            1 -0.000171726     0.250789
-0.000226621  0.000171754            1      27.8859
           0            0            0            1

<-One step transform 85->iterations: 23, Init error: 5326.12, SBA error680.681#
    0.999999 -0.000188909   0.00161946      17.1585
 0.000189947            1 -0.000640688      1.62713
 -0.00161934  0.000640995     0.999998      2.61907
           0            0            0            1

<-One step transform 87->iterations: 5, Init error: 164.655, SBA error106.019#
    0.999996  0.000712336   0.00274954      15.0139
-0.000709386     0.999999  -0.00107379     -9.22813
  -0.0027503   0.00107184     0.999996      26.1063
           0            0            0            1

<-One step transform 89->iterations: 9, Init error: 115.355, SBA error75.8081#
    0.999999 -0.000515461    0.0010346      11.6002
 0.000516107            1 -0.000623925     0.604872
 -0.00103428  0.000624459     0.999999      21.8386
           0            0            0            1

<-One step transform 91->iterations: 78, Init error: 70.675, SBA error42.6096#
           1 -0.000435306   0.00039298     0.137884
  0.00043561            1 -0.000772408    0.0431576
-0.000392644  0.000772579            1      34.1854
           0            0            0            1

<-One step transform 93->iterations: 7, Init error: 85.8619, SBA error53.448#
    0.999998  0.000214616     0.001901      14.3762
-0.000210472     0.999998  -0.00218002     -8.93782
 -0.00190146   0.00217962     0.999996      31.2795
           0            0            0            1

<-One step transform 95->iterations: 22, Init error: 16.0979, SBA error11.8953#
    0.999998 -0.000190822   0.00197194        1.578
 0.000195434     0.999997  -0.00233849     -1.05242
 -0.00197149   0.00233887     0.999995      22.3225
           0            0            0            1

<-One step transform 97->iterations: 2, Init error: 21.4353, SBA error19.4072#
           1 -0.000796534  0.000204311     0.745569
  0.00079659            1 -0.000278023      5.65558
-0.000204089  0.000278185            1      10.8521
           0            0            0            1

<-One step transform 99->iterations: 19, Init error: 39.7599, SBA error31.1306#
    0.999999  0.000420924   0.00101255      9.67274
-0.000418599     0.999997  -0.00229461     -3.27197
 -0.00101351   0.00229419     0.999997      14.9493
           0            0            0            1

<-One step transform 101->iterations: 8, Init error: 114.769, SBA error58.5688#
    0.999997  0.000487691  -0.00246788      18.6673
-0.000485253     0.999999  0.000988447    -0.491079
  0.00246836 -0.000987247     0.999996      14.3213
           0            0            0            1

<-One step transform 103->iterations: 32, Init error: 8.48782, SBA error8.21035#
    0.999992   0.00105302   0.00387215      5.66342
 -0.00105376     0.999999  0.000187887     -2.64239
 -0.00387195 -0.000191966     0.999992     0.483017
           0            0            0            1

<-One step transform 105->iterations: 4, Init error: 52.9403, SBA error36.423#
   0.999989 -0.00364872  0.00289794     10.7665
  0.0036423    0.999991  0.00221864     6.61801
  -0.002906 -0.00220806    0.999993     24.9707
          0           0           0           1

<-One step transform 107->iterations: 53, Init error: 1109.18, SBA error196.131#
    0.999998 -0.000326655   0.00212562      13.6473
 0.000324017     0.999999   0.00124122     0.823868
 -0.00212602  -0.00124053     0.999997      11.1596
           0            0            0            1

<-One step transform 109->iterations: 2, Init error: 285.806, SBA error219.444#
    0.999996  -0.00282231  0.000631639    -0.228145
  0.00282011      0.99999   0.00346263      14.0683
-0.000641406  -0.00346083     0.999994      18.4847
           0            0            0            1

<-One step transform 111->iterations: 24, Init error: 10800, SBA error673.059#
   0.999994   -0.003091 -0.00130398     9.20123
  0.0030963    0.999987  0.00408488     12.9091
 0.00129133 -0.00408889    0.999991     1.52171
          0           0           0           1

<-One step transform 113->iterations: 1, Init error: 35.392, SBA error35.392#
   0.999986 -0.00354531  0.00385168           0
 0.00353481     0.99999  0.00272949           0
-0.00386132 -0.00271584    0.999989           0
          0           0           0           1

<-One step transform 115->iterations: 2, Init error: 17.5208, SBA error14.9615#
     0.999998  -0.000385698    0.00205995       4.30419
  0.000385866             1 -8.13798e-005       2.81013
  -0.00205992  8.21745e-005      0.999998      -7.29034
            0             0             0             1

<-One step transform 117->iterations: 33, Init error: 29.022, SBA error21.7868#
    0.999999 -0.000492482   0.00154486      9.17438
 0.000490718     0.999999   0.00114174      4.97452
 -0.00154542  -0.00114098     0.999998      17.5465
           0            0            0            1

<-One step transform 119->iterations: 3, Init error: 24.7104, SBA error16.449#
   0.999993 -0.00079535  0.00362876     -7.8914
0.000793243           1 0.000582012     3.63873
-0.00362922 -0.00057913    0.999993     15.1906
          0           0           0           1

<-One step transform 121->iterations: 15, Init error: 1171.44, SBA error640.203#
   0.999994 -0.00181925  0.00305508     13.9009
  0.0018145    0.999997  0.00155749     5.25838
-0.00305791 -0.00155194    0.999994     6.30836
          0           0           0           1

<-One step transform 123->iterations: 11, Init error: 31.3222, SBA error17.2504#
   0.999998 -0.00108724   0.0016347    -13.9058
 0.00108194    0.999994  0.00324312      5.7641
-0.00163822 -0.00324135    0.999993     43.9017
          0           0           0           1

<-One step transform 125->iterations: 30, Init error: 24.8824, SBA error18.7975#
           1  0.000145886  0.000325464      1.97102
-0.000146564     0.999998   0.00208214      1.45979
 -0.00032516  -0.00208218     0.999998      33.5045
           0            0            0            1

<-One step transform 127->iterations: 30, Init error: 33.4538, SBA error27.5437#
    0.999999   0.00107299  0.000550066        12.83
 -0.00107354     0.999999  0.000988099    -0.529613
-0.000549005 -0.000988689     0.999999       24.577
           0            0            0            1

<-One step transform 129->iterations: 55, Init error: 2821.09, SBA error313.085#
   0.999994  0.00170497  -0.0028889     16.6087
-0.00169383    0.999991  0.00385415    -10.2825
 0.00289544 -0.00384923    0.999988     2.30251
          0           0           0           1

<-One step transform 131->iterations: 57, Init error: 6001.04, SBA error967.192#
    0.999999   0.00151151 -0.000535071      12.4713
 -0.00151078     0.999998   0.00137048     -4.66868
 0.000537141  -0.00136967     0.999999     -3.62412
           0            0            0            1

<-One step transform 133->iterations: 4, Init error: 863.319, SBA error327.505#
   0.999994  0.00279707 -0.00214673     12.0835
 -0.0027942    0.999995  0.00133599    -6.08814
 0.00215046 -0.00132998    0.999997    -5.89733
          0           0           0           1

<-One step transform 135->iterations: 24, Init error: 191.549, SBA error112.095#
     0.99999    0.0031573  -0.00331713      19.9704
 -0.00315532     0.999995  0.000603105     -11.2425
  0.00331901 -0.000592632     0.999994      15.5168
           0            0            0            1

<-One step transform 137->iterations: 18, Init error: 17.2211, SBA error10.8666#
   0.999995  0.00270611 -0.00182934     13.4484
-0.00270432    0.999996 0.000978153    -2.42801
 0.00183198  -0.0009732    0.999998      29.554
          0           0           0           1

<-One step transform 139->iterations: 6, Init error: 20.9911, SBA error17.3509#
    0.999999  0.000869935 -0.000519728      14.2306
-0.000870049            1 -0.000219782     -3.59175
 0.000519536  0.000220234            1      20.6498
           0            0            0            1

<-One step transform 141->iterations: 11, Init error: 53.4421, SBA error28.7074#
    0.999998   0.00201238  0.000923837      23.6179
 -0.00201253     0.999998   0.00016166     -1.32563
 -0.00092351 -0.000163519            1      32.4437
           0            0            0            1

<-One step transform 143->iterations: 7, Init error: 2.29175e+006, SBA error96697.2#
    0.999999   0.00142539  0.000806134     0.123702
  -0.0014265     0.999998   0.00138584    0.0764476
-0.000804157  -0.00138699     0.999999      1.12924
           0            0            0            1

<-One step transform 145->iterations: 7, Init error: 394.149, SBA error259.017#
    0.999998   0.00157614  0.000757344         17.1
 -0.00157681     0.999998  0.000885975     -19.8297
-0.000755947 -0.000887168     0.999999      26.9152
           0            0            0            1

<-One step transform 147->iterations: 10, Init error: 382.147, SBA error236.279#
    0.999989   0.00209281   0.00423476       5.4661
 -0.00209173     0.999998 -0.000259632      -24.717
  -0.0042353  0.000250771     0.999991      35.7006
           0            0            0            1

<-One step transform 149->iterations: 18, Init error: 56.8479, SBA error24.868#
    0.99999  0.00261505  0.00363477      3.3627
-0.00260702    0.999994  -0.0022124    -13.9408
-0.00364053   0.0022029    0.999991     40.3714
          0           0           0           1

<-One step transform 151->iterations: 20, Init error: 59.4041, SBA error38.5293#
   0.999996  0.00263726  0.00140066      15.198
-0.00263906    0.999996  0.00128665    -9.37985
-0.00139726 -0.00129035    0.999998     33.2016
          0           0           0           1

<-One step transform 153->iterations: 31, Init error: 37.4372, SBA error21.1435#
   0.999977  0.00509918  0.00453885     8.89564
-0.00508979    0.999985  -0.0020782    -6.90979
-0.00454938  0.00205505    0.999988     28.5067
          0           0           0           1

<-One step transform 155->iterations: 32, Init error: 164.773, SBA error108.838#
            1  7.15563e-005   0.000877381       9.80677
-7.02616e-005      0.999999   -0.00147562      -10.3192
 -0.000877486    0.00147556      0.999999       32.4037
            0             0             0             1

<-One step transform 157->iterations: 32, Init error: 67.5895, SBA error57.0606#
           1 -0.000258359  0.000518196      9.26326
 0.000258985     0.999999  -0.00120909     -2.09912
-0.000517883   0.00120922     0.999999      21.3901
           0            0            0            1

<-One step transform 159->iterations: 4, Init error: 50.802, SBA error32.9138#
    0.999999 -0.000909271  0.000972591     -11.6785
  0.00091112     0.999998  -0.00190211      3.19327
 -0.00097086   0.00190299     0.999998      33.1672
           0            0            0            1

<-One step transform 161->iterations: 2, Init error: 80.8908, SBA error73.3913#
   0.999995 -0.00249222  0.00198224      0.4527
 0.00249649    0.999995 -0.00215535     7.77962
-0.00197686  0.00216028    0.999996     23.9064
          0           0           0           1

<-One step transform 163->iterations: 43, Init error: 244.772, SBA error166.288#
    0.999998  -0.00199147   0.00075943       1.8892
  0.00199088     0.999998  0.000773642      6.28898
-0.000760969 -0.000772129     0.999999      21.2106
           0            0            0            1

<-One step transform 165->iterations: 14, Init error: 100.905, SBA error79.6307#
   0.999995 -0.00233279   0.0020511   -0.266825
 0.00232912    0.999996  0.00178771      2.8224
-0.00205526 -0.00178292    0.999996     36.6011
          0           0           0           1

<-One step transform 167->iterations: 17, Init error: 36.7488, SBA error25.8735#
     0.999994  -0.000620122    0.00330741       10.7505
  0.000620444             1 -9.62887e-005       3.12522
  -0.00330735  9.83402e-005      0.999995       23.6132
            0             0             0             1

<-One step transform 169->iterations: 2, Init error: 24.8955, SBA error22.6243#
    0.999988  -0.00201007   0.00435767      10.2132
    0.002006     0.999998  0.000937543      11.0095
 -0.00435954 -0.000928791      0.99999      11.2296
           0            0            0            1

<-One step transform 171->iterations: 3, Init error: 19224.7, SBA error418.912#
   0.999981 -0.00557711   0.0025732     11.8635
 0.00557215    0.999983  0.00193125     2.75137
-0.00258393 -0.00191687    0.999995     5.43632
          0           0           0           1

<-One step transform 173->iterations: 35, Init error: 79.9962, SBA error59.3009#
    0.999987  -0.00373788   0.00332969      8.08136
  0.00373606     0.999993  0.000553206      5.59835
 -0.00333173 -0.000540759     0.999994      19.8656
           0            0            0            1

<-One step transform 175->iterations: 2, Init error: 36.3779, SBA error36.0274#
    0.999998  -0.00176624   0.00129938      7.01983
  0.00176536     0.999998  0.000678911       11.539
 -0.00130058 -0.000676616     0.999999      10.6609
           0            0            0            1

<-One step transform 177->iterations: 23, Init error: 4025.74, SBA error358.951#
    0.999996  0.000561949    -0.002806      1.95789
-0.000560625            1  0.000472635     -1.90969
  0.00280627  -0.00047106     0.999996     -5.92504
           0            0            0            1

<-One step transform 179->iterations: 40, Init error: 462.536, SBA error260.257#
    0.999993   0.00100332    0.0035291       12.584
-0.000994202     0.999996  -0.00258348     -5.24725
 -0.00353168   0.00257995      0.99999      12.7705
           0            0            0            1

<-One step transform 181->iterations: 65, Init error: 794.14, SBA error387.312#
    0.999941 -0.000950228    0.0107925      4.77841
  0.00100763     0.999985  -0.00531434     -9.88396
  -0.0107873    0.0053249     0.999928      11.9256
           0            0            0            1

<-One step transform 183->iterations: 2, Init error: 425.764, SBA error242.278#
    0.999986  -0.00449404   0.00271198       11.581
  0.00449361      0.99999  0.000162393      13.5722
 -0.00271268 -0.000150204     0.999996      11.0356
           0            0            0            1

<-One step transform 185->iterations: 2, Init error: 27.8335, SBA error26.2547#
    0.999997  -0.00227542  0.000474688      5.63623
  0.00227497     0.999997  0.000941092      6.24546
-0.000476828  -0.00094001     0.999999      2.91906
           0            0            0            1

<-One step transform 187->iterations: 17, Init error: 71.5075, SBA error41.5175#
   0.999973  0.00451023  0.00584625     26.9498
-0.00448797    0.999983   -0.003816    -12.9467
-0.00586336  0.00378966    0.999976     16.6386
          0           0           0           1

<-One step transform 189->iterations: 11, Init error: 106.713, SBA error74.1371#
    0.99996  0.00564643  0.00688124     34.6366
-0.00561363    0.999973 -0.00477599    -13.8739
-0.00690802  0.00473717    0.999965     1.26263
          0           0           0           1

<-One step transform 191->iterations: 2, Init error: 27.3785, SBA error25.702#
   0.999994 -0.00198644 -0.00294955      9.9855
 0.00199094    0.999997   0.0015224     3.10891
 0.00294652 -0.00152827    0.999994    -2.42442
          0           0           0           1

<-One step transform 193->iterations: 8, Init error: 1674.49, SBA error60.3902#
     0.999997    0.00222108    0.00134549       22.7886
  -0.00222116      0.999998  5.57206e-005     -0.755134
  -0.00134536 -5.87089e-005      0.999999       13.3132
            0             0             0             1

<-One step transform 195->iterations: 25, Init error: 38.7071, SBA error27.7662#
   0.999977   0.0044556  0.00519795     12.8026
 -0.0044645    0.999989  0.00170281     5.85675
 -0.0051903 -0.00172597    0.999985     25.1178
          0           0           0           1

<-One step transform 197->iterations: 30, Init error: 751.434, SBA error170.502#
   0.999995 0.000998776  0.00290775     4.78001
-0.00100723    0.999995  0.00290778     2.29607
-0.00290483 -0.00291069    0.999992     52.2871
          0           0           0           1

<-One step transform 199->iterations: 2, Init error: 697.371, SBA error220.962#
    0.99998 -0.00494907  0.00404898     9.68438
 0.00495404    0.999987 -0.00121756     10.0839
 -0.0040429  0.00123759    0.999991    -6.24363
          0           0           0           1

<-One step transform 201->iterations: 8, Init error: 255.305, SBA error168.523#
    0.999998  0.000719683     0.001694     -5.95296
-0.000723172     0.999998   0.00205985       2.8227
 -0.00169252  -0.00206107     0.999996      46.0322
           0            0            0            1

<-One step transform 203->iterations: 3, Init error: 526.481, SBA error171.341#
   0.999978  0.00653454  0.00104175     19.6592
-0.00653852    0.999971  0.00386429    -2.07999
-0.00101646 -0.00387102    0.999992     24.5231
          0           0           0           1

<-One step transform 205->iterations: 16, Init error: 107.582, SBA error42.4433#
    0.999948   0.00873284   0.00523006      1.27293
 -0.00872801     0.999961 -0.000946442     -19.8234
 -0.00523812  0.000900745     0.999986      50.5791
           0            0            0            1

<-One step transform 207->iterations: 6, Init error: 49.1217, SBA error10.2375#
    0.99992   0.0053467     0.01144     1.02178
-0.00525685    0.999955 -0.00786963    -33.4916
 -0.0114815  0.00780886    0.999904    -2.45818
          0           0           0           1

<-One step transform 209->iterations: 4, Init error: 85.5538, SBA error76.4075#
   0.999973 -0.00428999  0.00603051    -5.26388
 0.00434677    0.999946 -0.00943337    0.103054
-0.00598971  0.00945933    0.999937     2.43663
          0           0           0           1

<-One step transform 211->iterations: 16, Init error: 31.927, SBA error9.975#
   0.999989  0.00192672   0.0042364    -13.3801
-0.00190735    0.999988 -0.00457152    -10.9983
-0.00424516  0.00456339    0.999981    -12.7801
          0           0           0           1

<-One step transform 213->iterations: 42, Init error: 31.0131, SBA error12.506#
   0.999968  0.00342079  0.00729655    -4.34503
-0.00337869    0.999978 -0.00577529    -7.96527
-0.00731615  0.00575045    0.999957     12.5878
          0           0           0           1

<-One step transform 215->iterations: 150, Init error: 1208.77, SBA error699.148#
   0.999961 -0.00542744  0.00698027     6.33263
  0.0054702    0.999966 -0.00612234    0.578416
-0.00694681  0.00616028    0.999957     31.0322
          0           0           0           1

<-One step transform 217->iterations: 19, Init error: 32.3775, SBA error30.7955#
   0.999933 -0.00679638  0.00937591     4.52357
 0.00680731    0.999976 -0.00113432  -0.0891243
-0.00936798  0.00119807    0.999955    -1.50715
          0           0           0           1

<-One step transform 219->iterations: 2, Init error: 1173.23, SBA error724.363#
   0.999936 -0.00606744  0.00953351     10.7418
 0.00608772    0.999979 -0.00210001     7.60001
-0.00952057  0.00215792    0.999952     4.21488
          0           0           0           1

<-One step transform 221->iterations: 26, Init error: 1152.56, SBA error569.698#
   0.999958 -0.00537806  0.00747492     12.5417
 0.00542477    0.999966 -0.00624356      15.613
-0.00744109  0.00628385    0.999953      4.2228
          0           0           0           1

<-One step transform 223->iterations: 14, Init error: 14920.7, SBA error407.597#
   0.999955 -0.00696819  0.00638553     13.0879
 0.00698324    0.999973 -0.00233731   -0.375303
-0.00636907   0.0023818    0.999977     6.88861
          0           0           0           1

<-One step transform 225->iterations: 3, Init error: 71.8363, SBA error66.5198#
   0.999957 -0.00553194  0.00746404     8.35245
 0.00554266    0.999984  -0.0014162  -0.0185825
-0.00745608  0.00145751    0.999971     13.9171
          0           0           0           1

<-One step transform 227->iterations: 3, Init error: 27.0284, SBA error21.1161#
   0.999945 -0.00534637  0.00907261    -4.29627
 0.00536575    0.999983 -0.00211349     1.98085
-0.00906116  0.00216205    0.999957    -7.86797
          0           0           0           1

<-One step transform 229->iterations: 3, Init error: 27.0284, SBA error21.1161#
-4.8367e-026 -4.8367e-026 -4.8367e-026 -4.8367e-026
-4.8367e-026 -4.8367e-026 -4.8367e-026 -4.8367e-026
-4.8367e-026 -4.8367e-026 -4.8367e-026 -4.8367e-026
-4.8367e-026 -4.8367e-026 -4.8367e-026 -4.8367e-026

<-One step transform 231->iterations: 3, Init error: 27.0284, SBA error21.1161#
-4.8367e-026 -4.8367e-026 -4.8367e-026 -4.8367e-026
-4.8367e-026 -4.8367e-026 -4.8367e-026 -4.8367e-026
-4.8367e-026 -4.8367e-026 -4.8367e-026 -4.8367e-026
-4.8367e-026 -4.8367e-026 -4.8367e-026 -4.8367e-026

<-One step transform 233->iterations: 2, Init error: 32.6841, SBA error28.9684#
    0.999947  -0.00824914   0.00611104      5.47019
  0.00825213     0.999966 -0.000464079      5.20514
   -0.006107  0.000514484     0.999981      2.30885
           0            0            0            1

<-One step transform 235->iterations: 2, Init error: 1197.56, SBA error960.037#
   0.999961 -0.00667328  0.00576737     13.4182
  0.0066851    0.999976 -0.00203268     21.4903
-0.00575367  0.00207116    0.999981     2.72667
          0           0           0           1

<-One step transform 237->iterations: 26, Init error: 31.3279, SBA error27.1989#
   0.999989  -0.0038061  0.00261207     2.40664
 0.00381196     0.99999 -0.00224097    0.392791
-0.00260351   0.0022509    0.999994     7.20006
          0           0           0           1

<-One step transform 239->iterations: 62, Init error: 784.393, SBA error143.918#
            1 -3.05556e-005  -0.000165079       16.3292
 3.05712e-005             1  9.50355e-005     0.0295223
  0.000165076 -9.50405e-005             1       11.5287
            0             0             0             1

<-One step transform 241->iterations: 4, Init error: 377.88, SBA error68.9293#
    0.999993   0.00205909   0.00317797      11.4367
  -0.0020561     0.999997 -0.000943553     -5.09251
  -0.0031799  0.000937012     0.999995      7.76049
           0            0            0            1

<-One step transform 243->iterations: 17, Init error: 35.112, SBA error31.4527#
   0.999982 -0.00342226   0.0050215    -2.66444
 0.00345639    0.999971 -0.00680477     1.07448
-0.00499807    0.006822    0.999964     3.13001
          0           0           0           1

<-One step transform 245->iterations: 16, Init error: 39.931, SBA error28.3322#
    0.999999  0.000405301   0.00104402      12.6836
-0.000402658     0.999997  -0.00253087     -4.67213
 -0.00104505   0.00253045     0.999996      8.97793
           0            0            0            1

<-One step transform 247->iterations: 6, Init error: 26.467, SBA error14.9253#
   0.999992  0.00237321  0.00330348     0.55699
-0.00236246    0.999992 -0.00325442    -10.3122
-0.00331118  0.00324659    0.999989    -11.6139
          0           0           0           1

<-One step transform 249->iterations: 8, Init error: 36.6212, SBA error25.7852#
   0.999991  0.00332374  0.00274296     13.4565
-0.00331608    0.999991 -0.00279515    -2.25127
-0.00275222  0.00278603    0.999992     5.33572
          0           0           0           1

<-One step transform 251->iterations: 8, Init error: 23.0678, SBA error15.6064#
   0.999993   0.0010833  0.00360709    -7.00255
-0.00109008    0.999998  0.00187786    -2.16429
-0.00360505 -0.00188178    0.999992    -17.4823
          0           0           0           1

<-One step transform 253->iterations: 18, Init error: 195.346, SBA error134.37#
   0.999992  0.00107995   0.0037994    -2.10404
-0.00109206    0.999994  0.00318677    0.611543
-0.00379594 -0.00319089    0.999988     31.6568
          0           0           0           1

<-One step transform 255->iterations: 14, Init error: 88.2859, SBA error58.0307#
   0.999987  0.00422794  0.00289997     12.4736
 -0.0042349    0.999988  0.00239787    -4.41556
 -0.0028898 -0.00241012    0.999993     17.6832
          0           0           0           1

<-One step transform 257->iterations: 83, Init error: 121.167, SBA error92.3345#
   0.999991   0.0018565  0.00370624     5.35286
-0.00186035    0.999998  0.00103475    -7.97278
-0.00370431 -0.00104164    0.999993     20.7862
          0           0           0           1

<-One step transform 259->iterations: 19, Init error: 164.093, SBA error109.924#
    0.999988   0.00020409   0.00485732      6.31638
-0.000206529            1   0.00050151     0.326841
 -0.00485721 -0.000502507     0.999988      22.4067
           0            0            0            1

<-One step transform 261->iterations: 3, Init error: 15.8047, SBA error14.2955#
   0.999992 -0.00179072  0.00353685      6.7872
 0.00178644    0.999998  0.00121283   0.0631475
-0.00353901  -0.0012065    0.999993    0.749138
          0           0           0           1

<-One step transform 263->iterations: 36, Init error: 15.6267, SBA error11.8621#
    0.999993  0.000536552   0.00362569      5.36998
 -0.00053539            1 -0.000321455     -3.19026
 -0.00362586  0.000319512     0.999993      -8.0909
           0            0            0            1

<-One step transform 265->iterations: 9, Init error: 21.4358, SBA error20.2316#
    0.99999  0.00116902  0.00424931      5.8376
-0.00116191    0.999998 -0.00167559  -0.0310939
-0.00425126  0.00167063     0.99999     1.95817
          0           0           0           1

<-One step transform 267->iterations: 10, Init error: 21.0651, SBA error20.5169#
     0.99999  -0.00139561   0.00425753      4.20424
  0.00139658     0.999999 -0.000225972   -0.0161377
 -0.00425721  0.000231915     0.999991    0.0528937
           0            0            0            1

<-One step transform 269->iterations: 9, Init error: 42.2767, SBA error40.1928#
    0.999971  -0.00332429   0.00680137      4.74682
  0.00331946     0.999994  0.000721152   -0.0322888
 -0.00680373 -0.000698554     0.999977     0.835078
           0            0            0            1

<-One step transform 271->iterations: 37, Init error: 77.2408, SBA error52.4354#
   0.999952 -0.00398318  0.00896323     1.78132
 0.00399452    0.999991 -0.00124793   -0.121605
-0.00895819  0.00128367    0.999959     16.0932
          0           0           0           1

<-One step transform 273->iterations: 10, Init error: 54.7266, SBA error48.9321#
      0.99999 -6.24354e-005    0.00453541      -11.3444
 7.09138e-005      0.999998   -0.00186924     -0.923289
  -0.00453528    0.00186954      0.999988        11.834
            0             0             0             1

<-One step transform 275->iterations: 6, Init error: 82.7116, SBA error11.6337#
    0.999972   0.00180425   0.00721379     -22.9317
 -0.00179912     0.999998 -0.000716388      6.01196
 -0.00721507   0.00070339     0.999974     -2.18593
           0            0            0            1

<-One step transform 277->iterations: 68, Init error: 666.313, SBA error385.122#
    0.999985 -0.000446002   0.00554605      11.6139
  0.00043641     0.999998   0.00173047      1.12164
 -0.00554682  -0.00172803     0.999983      3.89761
           0            0            0            1

<-One step transform 279->iterations: 18, Init error: 133.673, SBA error116.38#
    0.999986  0.000768755   0.00517857     -2.96364
 -0.00077046            1  0.000327362      2.03976
 -0.00517832 -0.000331348     0.999987       10.449
           0            0            0            1

<-One step transform 281->iterations: 60, Init error: 255.827, SBA error177.761#
   0.999957  0.00239597  0.00892736     6.15369
-0.00237905    0.999995 -0.00190558   -0.911427
-0.00893188  0.00188426    0.999958     10.1029
          0           0           0           1

<-One step transform 283->iterations: 23, Init error: 77.9814, SBA error43.0553#
     0.99997 -0.000177815   0.00769405     -16.8884
 0.000164366     0.999998   0.00174864     0.100322
 -0.00769435  -0.00174732     0.999969      -21.351
