<-Total transform 9->iterations: 2, Init error: 22.4113, SBA error16.4231#
   0.999999 -0.00054806  0.00147712     7.12356
0.000550215    0.999999 -0.00145918     3.11877
-0.00147632  0.00145999    0.999998    -8.70233
          0           0           0           1

<-Total transform 17->iterations: 4, Init error: 101.283, SBA error32.2498#
    0.999998   0.00010443   0.00208292      52.7598
-0.000100932     0.999999  -0.00167927       -23.93
 -0.00208309   0.00167905     0.999996     -53.0565
           0            0            0            1

<-Total transform 25->iterations: 34, Init error: 1808.64, SBA error1028.87#
     0.999996  5.50538e-005    0.00278198       78.3618
-5.09885e-005      0.999999   -0.00146137      -22.1696
  -0.00278206    0.00146122      0.999995      -55.5863
            0             0             0             1

<-Total transform 33->iterations: 4, Init error: 84.6839, SBA error49.8532#
   0.999988 0.000306154  0.00488023     100.547
-0.00029168    0.999996  -0.0029664    -31.3081
-0.00488112  0.00296494    0.999984     -21.792
          0           0           0           1

<-Total transform 41->iterations: 5, Init error: 31.2805, SBA error20.699#
    0.999936  0.000551619     0.011301       109.73
-0.000513384     0.999994   -0.0033859     -33.3691
  -0.0113028   0.00337989      0.99993      21.1352
           0            0            0            1

<-Total transform 49->iterations: 43, Init error: 393.938, SBA error261.354#
    0.999906  0.000471537     0.013669      101.043
-0.000427343     0.999995  -0.00323586     -32.1821
  -0.0136705   0.00322972     0.999901      62.4914
           0            0            0            1

<-Total transform 57->iterations: 27, Init error: 95.4796, SBA error62.3313#
    0.99984  0.00175185    0.017812     85.1674
-0.00168838    0.999992 -0.00357807    -18.9149
 -0.0178181  0.00354742    0.999835     98.9123
          0           0           0           1

<-Total transform 65->iterations: 23, Init error: 59.2659, SBA error54.976#
   0.999728  0.00257429   0.0231839      95.261
-0.00251007    0.999993 -0.00279859    -18.8114
 -0.0231909  0.00273964    0.999727     113.515
          0           0           0           1

<-Total transform 73->iterations: 26, Init error: 469.97, SBA error248.202#
    0.999622  0.000888762    0.0274631      97.9484
-0.000818752     0.999996   -0.0025604     -16.5655
  -0.0274653   0.00253695      0.99962      134.708
           0            0            0            1

<-Total transform 81->iterations: 4, Init error: 95998.3, SBA error2086.06#
    0.999493 -0.000414225     0.031821      104.083
 0.000546132     0.999991  -0.00413673     -15.1184
   -0.031819   0.00415201     0.999485      125.985
           0            0            0            1

<-Total transform 89->iterations: 25, Init error: 71.1035, SBA error57.0784#
    0.999399  0.000111973    0.0346586      124.493
6.02154e-005     0.999988  -0.00496705     -19.6705
  -0.0346587   0.00496615     0.999387      137.616
           0            0            0            1

<-Total transform 97->iterations: 21, Init error: 516.589, SBA error402.148#
    0.999285  0.000868602    0.0377868      134.335
-0.000640119     0.999981  -0.00605832     -22.3032
  -0.0377914    0.0060298     0.999267      153.904
           0            0            0            1

<-Total transform 105->iterations: 40, Init error: 631.799, SBA error359.003#
  0.999085 0.00177629   0.042735    153.802
-0.0014271   0.999965 -0.0082002   -36.3033
-0.0427481 0.00813171   0.999053    159.378
         0          0          0          1

<-Total transform 113->iterations: 3, Init error: 1594.97, SBA error616.589#
     0.998842   0.000508281     0.0480995       170.543
-4.68612e-005      0.999954   -0.00959367      -27.2479
   -0.0481021    0.00958031      0.998796       168.001
            0             0             0             1

<-Total transform 121->iterations: 1, Init error: 81.4608, SBA error81.4608#
   0.998328 0.000239493   0.0577975     172.176
0.000387611    0.999941  -0.0108386    -27.3965
 -0.0577967   0.0108428    0.998269     166.303
          0           0           0           1

<-Total transform 129->iterations: 35, Init error: 115.828, SBA error93.0027#
   0.997852 -0.00114557   0.0655021     178.344
 0.00194959    0.999924  -0.0122121    -26.2733
 -0.0654831   0.0123136    0.997778      191.18
          0           0           0           1

<-Total transform 137->iterations: 2, Init error: 79.2706, SBA error76.3013#
   0.997162 -0.00502039   0.0751147     196.794
 0.00601262    0.999898  -0.0129892     5.34539
 -0.0750418    0.013404     0.99709     210.917
          0           0           0           1

<-Total transform 145->iterations: 49, Init error: 115.978, SBA error70.3348#
   0.996642 -0.00600563   0.0816592     221.141
   0.007027    0.999901  -0.0122262     22.2383
 -0.0815776   0.0127589    0.996585     268.154
          0           0           0           1

<-Total transform 153->iterations: 3, Init error: 8873.75, SBA error499.117#
   0.996078 -0.00628912   0.0882512     223.858
 0.00745488    0.999889  -0.0128862     20.8064
 -0.0881604   0.0134935    0.996015     288.553
          0           0           0           1

<-Total transform 161->iterations: 32, Init error: 3873.43, SBA error751.055#
  0.995422 -0.0082642  0.0952238    236.711
0.00968132   0.999849 -0.0144296    26.8684
-0.0950902  0.0152854   0.995351    284.185
         0          0          0          1

<-Total transform 169->iterations: 90, Init error: 313.905, SBA error214.76#
  0.994618 -0.0098415   0.103137    251.571
 0.0115038   0.999813 -0.0155353    29.9079
 -0.102965  0.0166381   0.994546    299.004
         0          0          0          1

<-Total transform 177->iterations: 6, Init error: 135.025, SBA error105.497#
  0.993733 -0.0109316    0.11124    278.966
  0.012883   0.999775 -0.0168391    45.6944
 -0.111031  0.0181667   0.993651    308.784
         0          0          0          1

<-Total transform 185->iterations: 56, Init error: 234.506, SBA error167.262#
  0.992946 -0.0121378   0.117946    292.015
 0.0143601   0.999735 -0.0180097    51.1411
 -0.117696  0.0195764   0.992857    322.176
         0          0          0          1

<-Total transform 193->iterations: 2, Init error: 328.909, SBA error245.682#
  0.992174 -0.0138684   0.124092    325.984
 0.0164319   0.999672  -0.019658    80.4815
 -0.123779  0.0215432   0.992076    297.226
         0          0          0          1

<-Total transform 201->iterations: 2, Init error: 182.813, SBA error177.981#
  0.990943 -0.0152566   0.133416    323.795
 0.0184354   0.999574 -0.0226233    74.4617
 -0.133014   0.024878   0.990802    325.206
         0          0          0          1

<-Total transform 209->iterations: 3, Init error: 540.065, SBA error482.826#
  0.990577 -0.0176052   0.135824    307.426
 0.0208335   0.999532 -0.0223833    75.2964
 -0.135366   0.025002    0.99048    333.913
         0          0          0          1

<-Total transform 217->iterations: 15, Init error: 152.088, SBA error112.75#
  0.990161 -0.0189479   0.138647    289.238
 0.0222405   0.999505 -0.0222369    74.9735
 -0.138157  0.0251017   0.990092    347.013
         0          0          0          1

<-Total transform 225->iterations: 8, Init error: 1427.39, SBA error954.245#
  0.989965 -0.0164991   0.140343    304.912
  0.020203   0.999483 -0.0250076     64.648
 -0.139858   0.027592   0.989787    348.529
         0          0          0          1

<-Total transform 233->iterations: 17, Init error: 117.112, SBA error96.2478#
   0.98949 -0.0143393   0.143885    322.964
 0.0183632   0.999475 -0.0266771    42.9093
 -0.143427  0.0290389   0.989235    290.936
         0          0          0          1

<-Total transform 241->iterations: 5, Init error: 122.463, SBA error110.112#
  0.988909 -0.0142773   0.147833    333.627
 0.0183532   0.999487 -0.0262438    43.9478
 -0.147382  0.0286659   0.988664    307.636
         0          0          0          1

<-Total transform 249->iterations: 44, Init error: 118.821, SBA error88.4119#
  0.988542 -0.0127739   0.150404     343.79
 0.0170515   0.999485 -0.0271855    23.0907
 -0.149979  0.0294386   0.988251    313.927
         0          0          0          1

<-Total transform 257->iterations: 8, Init error: 79.9396, SBA error20.0913#
  0.988182   -0.01134   0.152864    330.907
 0.0157502   0.999493 -0.0276701   -2.77673
 -0.152473  0.0297508    0.98786    258.822
         0          0          0          1

<-Total transform 265->iterations: 23, Init error: 59.3713, SBA error38.5764#
  0.988146 -0.0113477   0.153097    348.527
 0.0157489   0.999496 -0.0275657   -2.86318
 -0.152707    0.02965   0.987827     229.19
         0          0          0          1

<-Total transform 273->iterations: 24, Init error: 266.231, SBA error236.183#
  0.987754  -0.010016   0.155699      338.5
 0.0145222   0.999507 -0.0278311 -0.0520976
 -0.155343  0.0297514   0.987412    221.223
         0          0          0          1

<-Total transform 281->iterations: 7, Init error: 1362.01, SBA error1046.29#
   0.987233 -0.00980212    0.158983     272.117
  0.0144421    0.999502   -0.028056    0.900477
  -0.158629   0.0299939    0.986883     202.756
          0           0           0           1

<-Total transform 289->iterations: 8, Init error: 521.115, SBA error473.921#
  0.986628 -0.0100779   0.162675    252.422
 0.0148722   0.999489 -0.0282805   -5.66539
 -0.162307  0.0303217   0.986274    198.386
         0          0          0          1

<-Total transform 297->iterations: 26, Init error: 52.1855, SBA error43.1699#
   0.986092 -0.00994951    0.165903      247.38
  0.0148874    0.999482   -0.028547    -5.74221
  -0.165533   0.0306198    0.985729     189.568
          0           0           0           1

<-Total transform 305->iterations: 55, Init error: 179.441, SBA error83.3237#
  0.985996 -0.0104779   0.166441    248.793
 0.0153551   0.999489 -0.0280433   -2.37188
 -0.166062  0.0302063   0.985653    194.957
         0          0          0          1

<-Total transform 313->iterations: 21, Init error: 87.9972, SBA error47.4994#
   0.985934 -0.00824819    0.166929     255.065
  0.0133609    0.999475   -0.029528    -27.0357
  -0.166598    0.031343    0.985527      185.78
          0           0           0           1

<-Total transform 321->iterations: 34, Init error: 314.674, SBA error82.4505#
   0.985865 -0.00673279    0.167404     310.279
  0.0120203     0.99946   -0.030592     -28.878
  -0.167107   0.0321718    0.985414     193.779
          0           0           0           1

<-Total transform 329->iterations: 4, Init error: 220.904, SBA error147.005#
 0.985826 -0.006852  0.167631   306.618
0.0121738  0.999453  -0.03074   -25.383
-0.167329  0.032345   0.98537   298.834
        0         0         0         1

<-Total transform 337->iterations: 2, Init error: 319.166, SBA error288.674#
   0.985551 -0.00698841    0.169232     288.728
  0.0124682    0.999431  -0.0313394    -29.5927
  -0.168917   0.0329967    0.985078     328.601
          0           0           0           1

<-Total transform 345->iterations: 16, Init error: 483.729, SBA error344.505#
   0.985092 -0.00618573    0.171918     265.785
  0.0119505      0.9994  -0.0325172    -29.4754
  -0.171613    0.034087    0.984574     366.212
          0           0           0           1

<-Total transform 353->iterations: 32, Init error: 196.186, SBA error98.3862#
   0.984908 -0.00666561    0.172953     243.544
  0.0125659    0.999375  -0.0330428    -30.2372
  -0.172625   0.0347174    0.984376     398.061
          0           0           0           1

<-Total transform 361->iterations: 17, Init error: 264.654, SBA error96.0876#
  0.984834  -0.007087   0.173354    196.979
 0.0131283   0.999345 -0.0337278   -33.5965
 -0.173002  0.0354921   0.984282    390.632
         0          0          0          1

<-Total transform 369->iterations: 16, Init error: 188.335, SBA error140.62#
   0.984506 -0.00680504    0.175218     165.855
  0.0132981    0.999267    -0.03591    -32.5142
  -0.174845   0.0376836    0.983875     425.889
          0           0           0           1

<-Total transform 377->iterations: 1, Init error: 133.1, SBA error133.1#
  0.984157 -0.0069214   0.177164      166.7
 0.0138994   0.999174 -0.0381764   -33.4776
 -0.176754   0.040034   0.983441    425.484
         0          0          0          1

<-Total transform 385->iterations: 3, Init error: 228.676, SBA error140.378#
   0.984109 -0.00770909    0.177396     206.456
  0.0147325    0.999157  -0.0383087    -29.1191
  -0.176951   0.0403134    0.983394     455.613
          0           0           0           1

<-Total transform 393->iterations: 1, Init error: 167.815, SBA error167.815#
  0.983936 -0.0072477   0.178375    206.905
 0.0147265   0.999065 -0.0406393   -30.2509
 -0.177914  0.0426133   0.983123    455.336
         0          0          0          1

<-Total transform 401->iterations: 18, Init error: 207.098, SBA error90.7812#
   0.984379 -0.00686561    0.175929     162.317
  0.0140732     0.99911  -0.0397541    -19.7437
  -0.175499    0.041609      0.9836     479.701
          0           0           0           1

<-Total transform 409->iterations: 1, Init error: 157.712, SBA error157.712#
   0.983706 -0.00565235    0.179694     164.152
  0.0130029    0.999125  -0.0397546    -19.8246
  -0.179312   0.0414434    0.982919     479.073
          0           0           0           1

<-Total transform 417->iterations: 115, Init error: 110.183, SBA error86.4638#
   0.983129 -0.00917771    0.182686     155.612
  0.0161879    0.999187   -0.036919    -18.1586
  -0.182198   0.0392535    0.982478     482.189
          0           0           0           1

<-Total transform 425->iterations: 4, Init error: 58.7833, SBA error56.649#
   0.982734 -0.00942064    0.184786      150.17
  0.0162803    0.999232  -0.0356403    -16.9788
  -0.184308   0.0380333    0.982132     483.183
          0           0           0           1

<-Total transform 433->iterations: 2, Init error: 213.11, SBA error199.826#
  0.982567 -0.0122167   0.185506    160.262
 0.0184134   0.999327 -0.0317181 -0.0810738
 -0.184993   0.034581   0.982131    500.076
         0          0          0          1

<-Total transform 441->iterations: 2, Init error: 1220.74, SBA error1192.91#
  0.982746 -0.0153507   0.184322    186.812
 0.0206998   0.999418 -0.0271314    43.0361
 -0.183798  0.0304787   0.982491    538.856
         0          0          0          1

<-Total transform 449->iterations: 2, Init error: 182.908, SBA error179.214#
  0.981951 -0.0187763     0.1882    200.481
 0.0236717   0.999436 -0.0237979    45.1282
 -0.187647  0.0278234   0.981842     536.99
         0          0          0          1

<-Total transform 457->iterations: 25, Init error: 204.859, SBA error85.8734#
  0.981553 -0.0191044   0.190231    171.753
 0.0240659   0.999427 -0.0238052    45.0437
 -0.189667  0.0279442   0.981451    520.511
         0          0          0          1

<-Total transform 465->iterations: 20, Init error: 106.034, SBA error44.3128#
  0.981247 -0.0195534   0.191759    145.445
  0.024331   0.999449 -0.0225913    44.4621
 -0.191211  0.0268333   0.981182    527.327
         0          0          0          1

