<-Total transform 4->iterations: 2#
   0.999919 -0.00170611   0.0125931     13.0663
  0.0017083    0.999999 -0.00016345     13.2764
 -0.0125928  0.00018495    0.999921    -10.0698
          0           0           0           1

<-Total transform 9->iterations: 2#
    0.998998  -0.00354521    0.0446097      51.3646
  0.00358337     0.999993 -0.000775538      57.7059
  -0.0446067  0.000934614     0.999004     -47.4761
           0            0            0            1

<-Total transform 14->iterations: 26#
   0.996876 -0.00752984   0.0786277     119.593
 0.00727143    0.999967  0.00357232     100.658
 -0.0786521 -0.00298942    0.996898    -178.373
          0           0           0           1

<-Total transform 19->iterations: 2#
   0.993727  -0.0132647    0.111044     140.885
  0.0128344    0.999907  0.00458923     134.457
  -0.111094 -0.00313526    0.993805    -186.523
          0           0           0           1

<-Total transform 24->iterations: 2#
  0.989556 -0.0199621   0.142761    172.303
 0.0185774   0.999767  0.0110263    183.454
 -0.142948  -0.008259   0.989696   -212.266
         0          0          0          1

<-Total transform 29->iterations: 2#
   0.978436  -0.0228041    0.205286     230.038
  0.0204813      0.9997   0.0134329     268.518
   -0.20553 -0.00893874     0.97861    -266.255
          0           0           0           1

<-Total transform 34->iterations: 2#
  0.969228 -0.0259135   0.244798    274.266
  0.020652   0.999498  0.0240364    352.229
 -0.245298 -0.0182412   0.969276   -299.272
         0          0          0          1

<-Total transform 39->iterations: 2#
  0.962631 -0.0282664   0.269338    314.287
 0.0193094   0.999171  0.0358476    408.055
 -0.270128 -0.0293073   0.962378   -331.657
         0          0          0          1

<-Total transform 44->iterations: 7#
  0.955341 -0.0269599   0.294273    371.195
 0.0140642   0.998849  0.0458512    437.152
 -0.295171 -0.0396648   0.954621    -386.16
         0          0          0          1

<-Total transform 49->iterations: 2#
  0.924536 -0.0462111   0.378284    433.579
 0.0151633   0.996296  0.0846477    540.747
 -0.380794 -0.0725238   0.921811   -483.513
         0          0          0          1

<-Total transform 54->iterations: 2#
  0.904709 -0.0572278    0.42217    452.703
  0.021776   0.995853  0.0883282    604.714
 -0.425474 -0.0707181   0.902203    -545.35
         0          0          0          1

<-Total transform 59->iterations: 3#
  0.900349 -0.0622254   0.430696    454.439
 0.0217373   0.994919  0.0983014    601.626
 -0.434625 -0.0791434   0.897127   -554.552
         0          0          0          1

<-Total transform 64->iterations: 2#
  0.889513 -0.0661642   0.452094    471.498
 0.0217382   0.994468    0.10277    634.275
 -0.456392 -0.0815876    0.88603   -586.123
         0          0          0          1

<-Total transform 69->iterations: 2#
  0.879598 -0.0687773   0.470719    494.778
 0.0184363   0.993679   0.110737    668.573
  -0.47536 -0.0887257   0.875306   -617.867
         0          0          0          1

<-Total transform 74->iterations: 6#
   0.86701 -0.0752849    0.49257    507.535
 0.0206743   0.993104   0.115396    687.456
 -0.497861 -0.0898664   0.862588   -662.804
         0          0          0          1

<-Total transform 79->iterations: 5#
  0.852683 -0.0808447   0.516136    514.094
 0.0225985   0.992737   0.118163    704.479
  -0.52194 -0.0890916   0.848317   -713.549
         0          0          0          1

<-Total transform 84->iterations: 6#
   0.83554   -0.08602   0.542655     527.53
 0.0225484   0.992205   0.122563    724.537
 -0.548967 -0.0901701   0.830966    -754.16
         0          0          0          1

<-Total transform 89->iterations: 33#
   0.82068 -0.0876085   0.564631     568.92
 0.0158034   0.991278   0.130837    729.898
 -0.571169 -0.0984526   0.814907   -798.039
         0          0          0          1

<-Total transform 94->iterations: 6#
  0.793534  -0.088039   0.602124    608.558
0.00268682   0.989976   0.141208    763.205
  -0.60852  -0.110435   0.785816   -878.441
         0          0          0          1

<-Total transform 99->iterations: 15#
   0.769092  -0.0863945    0.633272     657.365
-0.00699393    0.989625    0.143504     757.963
    -0.6391   -0.114797    0.760508    -963.583
          0           0           0           1

<-Total transform 104->iterations: 2#
   0.739283  -0.0985602    0.666143     646.839
-0.00972952    0.987564    0.156914     787.034
  -0.673324   -0.122485    0.729131    -1025.38
          0           0           0           1

<-Total transform 109->iterations: 4#
   0.704399   -0.115401     0.70036     643.963
-0.00236234    0.986309    0.164894     819.972
    -0.7098   -0.117805    0.694483     -1086.4
          0           0           0           1

<-Total transform 114->iterations: 3#
  0.673064  -0.126653   0.728659    674.006
0.00323127   0.985722    0.16835    859.735
 -0.739578  -0.110956   0.663863   -1167.35
         0          0          0          1

<-Total transform 119->iterations: 2#
    0.65332    -0.12993    0.745849     679.728
-0.00182954    0.984889    0.173174     886.576
   -0.75708   -0.114503     0.64321    -1203.53
          0           0           0           1

<-Total transform 124->iterations: 12#
   0.631056   -0.128751    0.764978     699.811
-0.00761288    0.985055    0.172071     890.697
    -0.7757    -0.11441    0.620645    -1221.55
          0           0           0           1

<-Total transform 129->iterations: 11#
  0.612762  -0.130738   0.779378    713.309
-0.0144768   0.984198   0.176478    906.579
 -0.790135  -0.119422   0.601187   -1238.16
         0          0          0          1

<-Total transform 134->iterations: 11#
  0.586525  -0.122861   0.800558    743.267
-0.0212788   0.985749   0.166873    906.802
 -0.809651   -0.11491   0.575552   -1268.82
         0          0          0          1

<-Total transform 139->iterations: 16#
  0.548281  -0.124593   0.826961    760.991
-0.0163743   0.987051   0.159569    907.733
 -0.836134   -0.10103   0.539141   -1274.06
         0          0          0          1

<-Total transform 144->iterations: 4#
   0.52112  -0.127929   0.843841    783.095
-0.0186791   0.986756   0.161131    910.251
 -0.853279 -0.0997309   0.511829   -1323.77
         0          0          0          1

<-Total transform 149->iterations: 9#
  0.501447  -0.126417   0.855903    814.948
-0.0274946    0.98644   0.161805    912.518
 -0.864751   -0.10467   0.491172   -1337.48
         0          0          0          1

<-Total transform 154->iterations: 31#
  0.473803  -0.123847   0.871879     829.35
-0.0290158   0.987329   0.156014    925.227
 -0.880153 -0.0992181   0.464206   -1361.59
         0          0          0          1

<-Total transform 159->iterations: 13#
  0.445983  -0.118528   0.887158    874.585
-0.0263562   0.989024   0.145387    903.202
 -0.894653 -0.0882224   0.437964   -1376.13
         0          0          0          1

<-Total transform 164->iterations: 26#
  0.401711  -0.104276    0.90981    905.422
-0.0379598   0.990746   0.130313    920.594
 -0.914979 -0.0868843   0.394036   -1361.78
         0          0          0          1

<-Total transform 169->iterations: 31#
  0.373334  -0.100428   0.922245    972.028
-0.0365188   0.991762   0.122781    911.241
 -0.926978 -0.0795175   0.366591   -1364.01
         0          0          0          1

<-Total transform 174->iterations: 8#
  0.334756 -0.0900211   0.937995    1004.29
-0.0383999   0.993296   0.109033     885.81
 -0.941522 -0.0725182   0.329055   -1400.76
         0          0          0          1

<-Total transform 179->iterations: 9#
  0.303137 -0.0833915   0.949291    1045.74
-0.0380669   0.994309   0.099502    866.252
 -0.952186 -0.0662993   0.298238   -1454.93
         0          0          0          1

<-Total transform 184->iterations: 13#
  0.278584 -0.0809435   0.956995    1064.23
-0.0442714   0.994301  0.0969864    870.566
 -0.959391 -0.0693864   0.273413    -1494.4
         0          0          0          1

<-Total transform 189->iterations: 15#
  0.259235 -0.0778136   0.962674    1094.56
-0.0492384   0.994388  0.0936363     861.19
 -0.964558 -0.0716744   0.253949   -1522.58
         0          0          0          1

<-Total transform 194->iterations: 20#
  0.243857  -0.072794   0.967075    1123.65
-0.0532396    0.99467   0.088296    855.108
 -0.968349 -0.0730183   0.238682   -1546.95
         0          0          0          1

<-Total transform 199->iterations: 26#
  0.213936 -0.0584201   0.975099    1137.37
-0.0510099    0.99618  0.0708747    834.043
 -0.975515 -0.0649024   0.210139   -1569.89
         0          0          0          1

<-Total transform 204->iterations: 55#
  0.164163 -0.0528739   0.985015    1152.29
-0.0442204   0.997164  0.0608959    820.185
 -0.985442 -0.0535547    0.16136   -1638.42
         0          0          0          1

<-Total transform 209->iterations: 6#
  0.114909 -0.0535569   0.991931       1222
-0.0500385   0.996966  0.0596254    813.212
 -0.992115 -0.0564863   0.111881   -1693.56
         0          0          0          1

<-Total transform 214->iterations: 12#
  0.088025 -0.0479119   0.994965       1224
-0.0586499    0.99686   0.053192     799.88
  -0.99439 -0.0630369  0.0849386   -1767.07
         0          0          0          1

<-Total transform 219->iterations: 16#
 0.0541932  -0.045365   0.997499    1231.36
-0.0538036   0.997384  0.0482829    774.814
  -0.99708 -0.0562856  0.0516106   -1897.25
         0          0          0          1

<-Total transform 224->iterations: 2#
 0.0346999 -0.0482229   0.998234    1219.04
-0.0599198   0.996938  0.0502432    782.543
   -0.9976 -0.0615574  0.0317042   -1964.91
         0          0          0          1

<-Total transform 229->iterations: 3#
 0.0318751 -0.0464094   0.998414    1247.63
  -0.07169   0.996242  0.0485972    746.733
 -0.996918 -0.0731253  0.0284282   -1974.96
         0          0          0          1

