<-Total transform 3->iterations: 3#
    0.999985  0.000630039   0.00551745      9.54251
-0.000637681     0.999999   0.00138346     -4.95111
 -0.00551657  -0.00138695     0.999984     -8.59106
           0            0            0            1

<-Total transform 5->iterations: 9#
     0.999879   -0.00197514     0.0154502       17.2011
   0.00197352      0.999998   0.000120372       1.67154
   -0.0154504 -8.98663e-005      0.999881      -4.13444
            0             0             0             1

<-Total transform 7->iterations: 2#
   0.999488  -0.0032576   0.0318355     32.9224
 0.00332081    0.999993 -0.00193274     20.0117
  -0.031829  0.00203747    0.999491    -13.0908
          0           0           0           1

<-Total transform 9->iterations: 6#
    0.998998  -0.00354521    0.0446097      65.5366
  0.00358337     0.999993 -0.000775538      22.5404
  -0.0446067  0.000934614     0.999004     -39.0121
           0            0            0            1

<-Total transform 11->iterations: 2#
   0.997994 -0.00575083   0.0630531     89.4313
  0.0056726    0.999983  0.00141961     54.8922
 -0.0630602 -0.00105909    0.998009    -63.3486
          0           0           0           1

<-Total transform 13->iterations: 2#
    0.997273  -0.00735159    0.0734282      109.238
  0.00726724     0.999973   0.00141574      67.9524
  -0.0734366 -0.000878264     0.997299     -66.7668
           0            0            0            1

<-Total transform 15->iterations: 2#
   0.996603 -0.00819264   0.0819453     132.046
 0.00776993    0.999955  0.00547599     96.2766
 -0.0819865 -0.00482068    0.996622    -80.1233
          0           0           0           1

<-Total transform 17->iterations: 6#
   0.995227  -0.0102767   0.0970479     149.476
 0.00992585    0.999942  0.00409737     104.302
 -0.0970844 -0.00311453    0.995271    -99.5345
          0           0           0           1

<-Total transform 19->iterations: 7#
   0.993727  -0.0132647    0.111044     181.606
  0.0128344    0.999907  0.00458923     123.006
  -0.111094 -0.00313526    0.993805      -130.5
          0           0           0           1

<-Total transform 21->iterations: 2#
   0.992405  -0.0149297    0.122103     195.363
  0.0141785    0.999875  0.00701889     137.476
  -0.122192 -0.00523435    0.992493    -141.407
          0           0           0           1

<-Total transform 23->iterations: 7#
     0.9906   -0.017672    0.135643     212.571
  0.0165678     0.99982  0.00926487     147.275
  -0.135782 -0.00693047    0.990714    -155.346
          0           0           0           1

<-Total transform 25->iterations: 2#
   0.988827  -0.0199669    0.147726     229.724
  0.0185628    0.999769   0.0108773     172.182
  -0.147909 -0.00801355    0.988968    -162.836
          0           0           0           1

<-Total transform 27->iterations: 5#
   0.983101  -0.0209505    0.181859     280.758
  0.0197468    0.999769  0.00842699     175.567
  -0.181993 -0.00469345    0.983289    -192.696
          0           0           0           1

<-Total transform 29->iterations: 5#
   0.978436  -0.0228041    0.205286     324.474
  0.0204813      0.9997   0.0134329     202.236
   -0.20553 -0.00893874     0.97861    -241.558
          0           0           0           1

<-Total transform 31->iterations: 29#
  0.975956 -0.0217563   0.216879    371.259
 0.0180403   0.999655  0.0190992    212.613
  -0.21722 -0.0147275   0.976012   -261.872
         0          0          0          1

<-Total transform 33->iterations: 2#
  0.971336 -0.0237073   0.236527    375.678
 0.0193804     0.9996  0.0206017    214.231
 -0.236921 -0.0154272   0.971406   -272.787
         0          0          0          1

<-Total transform 35->iterations: 2#
  0.969323 -0.0261969    0.24439    403.718
 0.0194546   0.999362   0.029962    260.729
 -0.245019 -0.0242884   0.969214   -296.136
         0          0          0          1

<-Total transform 37->iterations: 3#
  0.966818 -0.0271733   0.254017    417.063
 0.0198473   0.999311  0.0313595    261.594
 -0.254695 -0.0252774   0.966691   -310.438
         0          0          0          1

<-Total transform 39->iterations: 5#
  0.962631 -0.0282664   0.269338     437.08
 0.0193094   0.999171  0.0358476    273.429
 -0.270128 -0.0293073   0.962378   -337.148
         0          0          0          1

<-Total transform 41->iterations: 3#
  0.959573 -0.0258047   0.280275    471.999
  0.015925   0.999171  0.0374706    248.938
  -0.28101 -0.0314924   0.959188   -361.422
         0          0          0          1

<-Total transform 43->iterations: 3#
  0.957632 -0.0246043   0.286941    515.694
 0.0129599   0.999016  0.0424104    221.621
 -0.287703 -0.0368949   0.957009   -375.891
         0          0          0          1

<-Total transform 45->iterations: 2#
  0.951865 -0.0273086     0.3053    518.497
 0.0133596   0.998773  0.0476861    223.254
 -0.306227  -0.041312   0.951062   -393.997
         0          0          0          1

<-Total transform 47->iterations: 6#
  0.952747  -0.024899   0.302741    564.634
 0.0071459   0.998196  0.0596081    216.925
 -0.303679 -0.0546281   0.951207   -417.183
         0          0          0          1

<-Total transform 49->iterations: 2#
  0.924536 -0.0462111   0.378284    599.025
 0.0151633   0.996296  0.0846477    317.828
 -0.380794 -0.0725238   0.921811   -505.784
         0          0          0          1

<-Total transform 51->iterations: 8#
   0.91542 -0.0522787   0.399091    620.138
 0.0194541   0.996117  0.0858626    348.119
  -0.40203 -0.0708363   0.912882   -555.028
         0          0          0          1

<-Total transform 53->iterations: 22#
  0.905911 -0.0568536   0.419634    612.784
  0.023476   0.996165  0.0842839      351.7
 -0.422817 -0.0665024   0.903772    -574.58
         0          0          0          1

<-Total transform 55->iterations: 9#
  0.910074 -0.0572141   0.410477    627.554
 0.0194927   0.995238  0.0955031    366.652
 -0.413987 -0.0789136   0.906856   -549.099
         0          0          0          1

<-Total transform 57->iterations: 22#
  0.905697 -0.0587619   0.419833    615.736
 0.0204307   0.995246  0.0952249    366.009
 -0.423432 -0.0776674   0.902592   -560.885
         0          0          0          1

<-Total transform 59->iterations: 7#
  0.900349 -0.0622254   0.430696    625.206
 0.0217373   0.994919  0.0983014    376.183
 -0.434625 -0.0791434   0.897127     -589.4
         0          0          0          1

<-Total transform 61->iterations: 3#
  0.896136 -0.0637487   0.439178    644.058
 0.0214948   0.994702   0.100526    389.214
  -0.44326 -0.0806446   0.892758   -608.219
         0          0          0          1

<-Total transform 63->iterations: 14#
  0.892713 -0.0651345   0.445894    650.519
 0.0216933   0.994563    0.10185    390.354
 -0.450104 -0.0812501   0.889272   -620.087
         0          0          0          1

<-Total transform 65->iterations: 2#
  0.886045 -0.0683015    0.45854    650.926
  0.022362   0.994233   0.104885    400.006
  -0.46306 -0.0826785   0.882462   -634.141
         0          0          0          1

<-Total transform 67->iterations: 5#
  0.882727 -0.0688177    0.46482    668.395
  0.020185   0.993858    0.10881    404.278
 -0.469453 -0.0866672   0.878694   -656.165
         0          0          0          1

<-Total transform 69->iterations: 3#
  0.879598 -0.0687773   0.470719    684.364
 0.0184363   0.993679   0.110737    400.792
  -0.47536 -0.0887257   0.875306    -667.98
         0          0          0          1

<-Total transform 71->iterations: 2#
  0.874902 -0.0702588   0.479177    693.844
 0.0171357   0.993292   0.114353    408.802
 -0.483997 -0.0918367   0.870237   -687.138
         0          0          0          1

<-Total transform 73->iterations: 15#
  0.870807 -0.0717394   0.486362    697.978
 0.0180245    0.99329    0.11424    410.319
 -0.491294 -0.0907149   0.866257   -698.093
         0          0          0          1

<-Total transform 75->iterations: 5#
   0.86348 -0.0779711   0.498319    709.782
 0.0219453   0.992851   0.117323    417.576
 -0.503905 -0.0903704   0.859019   -733.425
         0          0          0          1

<-Total transform 77->iterations: 6#
  0.858387 -0.0782118   0.507005    729.689
 0.0211993   0.992874   0.117271     409.96
 -0.512564 -0.0899161   0.853928     -760.7
         0          0          0          1

<-Total transform 79->iterations: 2#
  0.852683 -0.0808447   0.516136    730.518
 0.0225985   0.992737   0.118163    420.347
  -0.52194 -0.0890916   0.848317   -773.425
         0          0          0          1

<-Total transform 81->iterations: 3#
  0.845623 -0.0831528   0.527264    733.175
 0.0231205    0.99257   0.119454    434.079
  -0.53328 -0.0888224   0.841263   -788.307
         0          0          0          1

<-Total transform 83->iterations: 6#
  0.838246 -0.0852996    0.53858    743.103
 0.0238974   0.992487   0.119995     443.43
 -0.544769 -0.0877145   0.833986   -820.104
         0          0          0          1

<-Total transform 85->iterations: 2#
  0.831288 -0.0882877   0.548786    745.856
 0.0229431   0.991914   0.124824    453.623
 -0.555369 -0.0911735   0.826591   -841.469
         0          0          0          1

<-Total transform 87->iterations: 32#
  0.826151 -0.0885187   0.556451    762.648
 0.0204978    0.99165   0.127316    452.381
 -0.563075 -0.0937765   0.821068   -862.484
         0          0          0          1

<-Total transform 89->iterations: 3#
   0.82068 -0.0876085   0.564631     786.56
 0.0158034   0.991278   0.130837    438.527
 -0.571169 -0.0984526   0.814907   -880.124
         0          0          0          1

<-Total transform 91->iterations: 3#
  0.806692 -0.0887982   0.584263    796.888
 0.0105367   0.990651   0.136014    425.557
 -0.590878  -0.103565   0.800086   -916.841
         0          0          0          1

<-Total transform 93->iterations: 3#
  0.801759 -0.0887984   0.591014    839.542
0.00515081    0.98989   0.141741    437.486
 -0.597626  -0.110598   0.794111   -945.724
         0          0          0          1

<-Total transform 95->iterations: 42#
  0.788191 -0.0878581   0.609127    845.752
0.00230626   0.990172   0.139834    442.042
 -0.615426  -0.108811   0.780647   -988.127
         0          0          0          1

<-Total transform 97->iterations: 46#
   0.779387  -0.0866692    0.620519     868.015
-0.00318246    0.989826    0.142248     430.502
  -0.626534   -0.112841    0.771182    -1010.72
          0           0           0           1

<-Total transform 99->iterations: 6#
   0.769092  -0.0863945    0.633272     890.433
-0.00699393    0.989625    0.143504     441.972
    -0.6391   -0.114797    0.760508    -1024.59
          0           0           0           1

<-Total transform 101->iterations: 3#
  0.759981 -0.0874755   0.644032    901.381
-0.0124283   0.988764   0.148965    429.642
 -0.649827  -0.121214   0.750355   -1053.38
         0          0          0          1

<-Total transform 103->iterations: 10#
   0.747556  -0.0945873    0.657429     900.326
-0.00928108    0.988224    0.152734      447.97
  -0.664134   -0.120279    0.737875     -1086.8
          0           0           0           1

<-Total transform 105->iterations: 2#
    0.73381   -0.100808    0.671834     889.222
-0.00964127    0.987284    0.158672      458.69
  -0.679286   -0.122913    0.723507     -1120.2
          0           0           0           1

<-Total transform 107->iterations: 6#
   0.720369   -0.107159    0.685263     885.439
-0.00640155    0.986924    0.161062     475.916
  -0.693561   -0.120411    0.710263    -1153.99
          0           0           0           1

<-Total transform 109->iterations: 4#
   0.704399   -0.115401     0.70036     889.332
-0.00236234    0.986309    0.164894     496.039
    -0.7098   -0.117805    0.694483     -1196.1
          0           0           0           1

<-Total transform 111->iterations: 8#
    0.693278    -0.119639      0.71067      899.028
-0.000849183     0.985988     0.166815      515.088
    -0.72067    -0.116253     0.683462     -1230.35
           0            0            0            1

<-Total transform 113->iterations: 9#
  0.679649  -0.124842   0.722836    902.988
0.00338244   0.985934   0.167101    535.182
 -0.733529  -0.111125   0.670512   -1250.15
         0          0          0          1

<-Total transform 115->iterations: 8#
  0.670295  -0.128037   0.730966    915.121
0.00238716    0.98537    0.17041    545.652
 -0.742091   -0.11248   0.660795   -1280.88
         0          0          0          1

<-Total transform 117->iterations: 4#
  0.658529  -0.129254   0.741372    916.946
0.00221306   0.985468   0.169845    541.173
 -0.752552  -0.110207   0.649246   -1301.05
         0          0          0          1

<-Total transform 119->iterations: 5#
    0.65332    -0.12993    0.745849     934.298
-0.00182954    0.984889    0.173174     527.452
   -0.75708   -0.114503     0.64321    -1335.29
          0           0           0           1

<-Total transform 121->iterations: 33#
   0.641623   -0.128858    0.756119     936.936
-0.00323185    0.985324    0.170662     523.157
  -0.767014   -0.111944     0.63179    -1346.76
          0           0           0           1

<-Total transform 123->iterations: 2#
   0.634211   -0.130552    0.762058     937.686
-0.00577279    0.984814    0.173518      531.98
  -0.773138   -0.114446    0.623826    -1352.78
          0           0           0           1

<-Total transform 125->iterations: 7#
    0.63096   -0.129477    0.764935     953.533
-0.00895804    0.984694    0.174064     539.491
  -0.775764   -0.116679    0.620142    -1357.98
          0           0           0           1

<-Total transform 127->iterations: 4#
 0.618444 -0.130028  0.774996   950.716
-0.010897  0.984702  0.173908   534.563
-0.785753 -0.115997  0.607566  -1370.66
        0         0         0         1

<-Total transform 129->iterations: 3#
  0.612762  -0.130738   0.779378    967.512
-0.0144768   0.984198   0.176478    539.521
 -0.790135  -0.119422   0.601187   -1385.21
         0          0          0          1

<-Total transform 131->iterations: 10#
  0.597233  -0.128403   0.791723    956.391
-0.0144155   0.985225    0.17066     549.17
 -0.801938  -0.113337   0.586558   -1405.86
         0          0          0          1

<-Total transform 133->iterations: 3#
  0.590042  -0.125792   0.797513    993.656
-0.0187719   0.985384   0.169313    516.871
 -0.807154  -0.114873   0.579056   -1409.55
         0          0          0          1

<-Total transform 135->iterations: 20#
  0.579746  -0.121356   0.805709     1001.8
-0.0215405   0.986218   0.164044     521.24
 -0.814513  -0.112459   0.569142   -1415.91
         0          0          0          1

<-Total transform 137->iterations: 4#
  0.567806  -0.122859   0.813942    1021.97
-0.0177058   0.986747   0.161294    507.769
 -0.822972  -0.105996   0.558106   -1418.78
         0          0          0          1

<-Total transform 139->iterations: 4#
  0.548281  -0.124593   0.826961    1033.24
-0.0163743   0.987051   0.159569    481.539
 -0.836134   -0.10103   0.539141   -1445.33
         0          0          0          1

<-Total transform 141->iterations: 2#
  0.541759  -0.126438    0.83097    1043.59
-0.0181552    0.98663    0.16196    501.217
 -0.840338   -0.10283    0.53222   -1454.43
         0          0          0          1

<-Total transform 143->iterations: 4#
  0.526785  -0.127667   0.840356    1038.69
-0.0188601   0.986657   0.161716    496.972
 -0.849789  -0.101038   0.517348   -1475.84
         0          0          0          1

<-Total transform 145->iterations: 4#
  0.518928  -0.127829   0.845206    1066.29
-0.0198678   0.986685   0.161424    480.481
 -0.854587   -0.10056   0.509478    -1479.8
         0          0          0          1

<-Total transform 147->iterations: 26#
  0.505521  -0.127243    0.85338    1056.88
-0.0223808   0.986799   0.160394    477.189
 -0.862524  -0.100182      0.496   -1494.01
         0          0          0          1

<-Total transform 149->iterations: 16#
  0.501447  -0.126417   0.855903    1078.21
-0.0274946    0.98644   0.161805    476.288
 -0.864751   -0.10467   0.491172   -1496.66
         0          0          0          1

<-Total transform 151->iterations: 34#
  0.489719  -0.123974   0.863021    1077.51
-0.0303166   0.986819    0.15896    475.739
 -0.871353   -0.10401   0.479506   -1510.35
         0          0          0          1

<-Total transform 153->iterations: 17#
  0.482075   -0.12464   0.867219    1096.38
-0.0315547   0.986717   0.159356    469.976
 -0.875561  -0.104187   0.471739   -1523.16
         0          0          0          1

<-Total transform 155->iterations: 29#
  0.469237  -0.123485   0.874396    1111.72
-0.0269039   0.987716   0.153926    475.222
 -0.882662 -0.0957523   0.460151   -1528.71
         0          0          0          1

<-Total transform 157->iterations: 8#
  0.460891  -0.121698   0.879073    1123.41
-0.0267077   0.988202   0.150809    466.429
 -0.887055 -0.0929844   0.452203   -1534.78
         0          0          0          1

<-Total transform 159->iterations: 4#
  0.445983  -0.118528   0.887158    1136.37
-0.0263562   0.989024   0.145387    433.488
 -0.894653 -0.0882224   0.437964   -1547.75
         0          0          0          1

<-Total transform 161->iterations: 11#
   0.43183  -0.114021   0.894719    1149.02
-0.0339413    0.98922   0.142446    423.531
 -0.901316 -0.0918804   0.423305    -1551.2
         0          0          0          1

<-Total transform 163->iterations: 3#
  0.412603  -0.108238   0.904458    1092.97
-0.0384456   0.989961   0.136009    403.491
 -0.910099 -0.0908902   0.404299    -1589.7
         0          0          0          1

<-Total transform 165->iterations: 15#
  0.396686  -0.103577   0.912092    1123.12
-0.0383348   0.990878   0.129196    403.064
 -0.917153 -0.0862153   0.389097   -1601.37
         0          0          0          1

<-Total transform 167->iterations: 9#
  0.379536  -0.101312   0.919613     1125.7
-0.0376055   0.991475   0.124749    406.504
 -0.924412 -0.0819293   0.372491   -1616.42
         0          0          0          1

<-Total transform 169->iterations: 10#
  0.373334  -0.100428   0.922245    1167.48
-0.0365188   0.991762   0.122781    401.602
 -0.926978 -0.0795175   0.366591   -1618.18
         0          0          0          1

<-Total transform 171->iterations: 5#
  0.352612 -0.0961306   0.930819    1156.93
-0.0354689   0.992622    0.11595    385.661
 -0.935097 -0.0739003     0.3466   -1641.39
         0          0          0          1

<-Total transform 173->iterations: 11#
  0.342414 -0.0919552   0.935039    1184.03
-0.0375592   0.993064   0.111416    373.505
 -0.938798 -0.0732696   0.336585   -1659.45
         0          0          0          1

<-Total transform 175->iterations: 4#
  0.325384 -0.0890709   0.941378    1184.52
-0.0348107    0.99375   0.106058    362.888
 -0.944941 -0.0672798    0.32025   -1675.37
         0          0          0          1

<-Total transform 177->iterations: 12#
  0.310733 -0.0842031    0.94676    1208.58
-0.0361185   0.994303   0.100286    346.111
 -0.949811 -0.0653577   0.305922   -1696.34
         0          0          0          1

<-Total transform 179->iterations: 6#
  0.303137 -0.0833915   0.949291    1233.07
-0.0380669   0.994309   0.099502      350.1
 -0.952186 -0.0662993   0.298238   -1710.05
         0          0          0          1

<-Total transform 181->iterations: 28#
  0.289039 -0.0819903     0.9538     1229.9
-0.0407474   0.994369  0.0978258    350.716
  -0.95645 -0.0671404   0.284071   -1724.54
         0          0          0          1

<-Total transform 183->iterations: 3#
  0.286539 -0.0816344   0.954584    1261.14
-0.0442051   0.994176  0.0982893    333.653
 -0.957048 -0.0703612   0.281261   -1728.12
         0          0          0          1

<-Total transform 185->iterations: 3#
   0.26939 -0.0800397   0.959699    1249.88
-0.0439305   0.994481   0.095272    321.722
 -0.962029 -0.0678254   0.264387   -1749.99
         0          0          0          1

<-Total transform 187->iterations: 4#
  0.265722 -0.0793816   0.960776    1272.44
-0.0452812   0.994477  0.0946894     307.41
 -0.962986 -0.0686661   0.260659   -1769.65
         0          0          0          1

<-Total transform 189->iterations: 3#
  0.259235 -0.0778136   0.962674    1279.85
-0.0492384   0.994388  0.0936363    286.353
 -0.964558 -0.0716744   0.253949   -1780.65
         0          0          0          1

<-Total transform 191->iterations: 12#
  0.255954 -0.0763479   0.963669    1286.71
-0.0484434   0.994611   0.091666     285.08
 -0.965474 -0.0701457   0.250876    -1786.8
         0          0          0          1

<-Total transform 193->iterations: 18#
  0.244086 -0.0742354   0.966908    1302.27
-0.0516086   0.994658   0.089394    265.156
 -0.968379 -0.0717205   0.238951   -1804.71
         0          0          0          1

<-Total transform 195->iterations: 3#
  0.235026  -0.071213   0.969377    1300.85
 -0.048031   0.995243  0.0847584    266.682
 -0.970802 -0.0664806   0.230488   -1818.05
         0          0          0          1

<-Total transform 197->iterations: 27#
  0.229098 -0.0652001   0.971217    1327.84
-0.0530539   0.995435  0.0793406    234.475
 -0.971956 -0.0697037   0.224593   -1837.62
         0          0          0          1

<-Total transform 199->iterations: 24#
  0.213936 -0.0584201   0.975099    1308.35
-0.0510099    0.99618  0.0708747    229.367
 -0.975515 -0.0649024   0.210139   -1856.65
         0          0          0          1

<-Total transform 201->iterations: 9#
  0.197762 -0.0550385   0.978704     1327.1
-0.0503802   0.996532  0.0662212     213.63
 -0.978955 -0.0624033   0.194303   -1882.43
         0          0          0          1

<-Total transform 203->iterations: 14#
  0.178875 -0.0543149   0.982371    1330.79
 -0.048023   0.996803  0.0638571    216.828
 -0.982699 -0.0585989   0.175695   -1917.18
         0          0          0          1

<-Total transform 205->iterations: 4#
  0.150951 -0.0534867   0.987093    1316.24
-0.0437043   0.997198  0.0607177        201
 -0.987575 -0.0523057   0.148191   -1975.01
         0          0          0          1

<-Total transform 207->iterations: 4#
   0.13132  -0.055061    0.98981     1319.2
-0.0464244   0.997019  0.0616212    195.949
 -0.990252 -0.0540434   0.128372   -2022.82
         0          0          0          1

<-Total transform 209->iterations: 8#
  0.114909 -0.0535569   0.991931    1326.06
-0.0500385   0.996966  0.0596254    183.633
 -0.992115 -0.0564863   0.111881   -2090.21
         0          0          0          1

<-Total transform 211->iterations: 4#
  0.106075 -0.0504898   0.993075    1336.17
-0.0580942   0.996689  0.0568789    152.903
  -0.99266 -0.0637253    0.10279    -2115.6
         0          0          0          1

<-Total transform 213->iterations: 14#
 0.0976057 -0.0488105   0.994027    1336.38
-0.0582385   0.996805  0.0546655    146.824
  -0.99352 -0.0632264  0.0944512   -2123.68
         0          0          0          1

<-Total transform 215->iterations: 6#
 0.0795986 -0.0476666   0.995687    1321.12
-0.0593572   0.996857  0.0524679     142.07
 -0.995058 -0.0632775  0.0765191   -2165.24
         0          0          0          1

<-Total transform 217->iterations: 34#
 0.0680151 -0.0460525   0.996621    1329.43
-0.0579162   0.997067  0.0500257    136.472
 -0.996002  -0.061123  0.0651485   -2202.28
         0          0          0          1

<-Total transform 219->iterations: 14#
 0.0541932  -0.045365   0.997499    1329.75
-0.0538036   0.997384  0.0482829    137.182
  -0.99708 -0.0562856  0.0516106   -2233.53
         0          0          0          1

<-Total transform 221->iterations: 4#
 0.0430694  -0.048964   0.997872    1321.43
-0.0570997   0.997045  0.0513879    135.264
 -0.997439 -0.0591914  0.0401463   -2269.55
         0          0          0          1

<-Total transform 223->iterations: 10#
 0.0391516 -0.0491747   0.998023    1319.92
-0.0591364   0.996924  0.0514405    130.603
 -0.997482 -0.0610334  0.0361232   -2279.18
         0          0          0          1

<-Total transform 225->iterations: 4#
 0.0342067  -0.048788   0.998223     1328.4
-0.0597552   0.996921   0.050772    120.929
 -0.997627 -0.0613857   0.031186   -2307.62
         0          0          0          1

<-Total transform 227->iterations: 5#
 0.0301025 -0.0461612    0.99848     1329.8
-0.0640139   0.996793  0.0480131     100.62
 -0.997495 -0.0653619   0.027051   -2316.99
         0          0          0          1

<-Total transform 229->iterations: 2#
 0.0318751 -0.0464094   0.998414    1342.87
  -0.07169   0.996242  0.0485972    82.5289
 -0.996918 -0.0731253  0.0284282   -2314.86
         0          0          0          1

<-Total transform 231->iterations: 4#
 0.0338522 -0.0442594   0.998446    1356.52
-0.0664427   0.996709  0.0464351     90.151
 -0.997216 -0.0679114  0.0308001    -2319.9
         0          0          0          1

