<-Total transform 5->iterations: 2#
     0.999879   -0.00197514     0.0154502       17.7521
   0.00197352      0.999998   0.000120372       22.0992
   -0.0154504 -8.98663e-005      0.999881      -8.42542
            0             0             0             1

<-Total transform 11->iterations: 5#
   0.997994 -0.00575083   0.0630531      82.874
  0.0056726    0.999983  0.00141961     73.4432
 -0.0630602 -0.00105909    0.998009    -71.7141
          0           0           0           1

<-Total transform 17->iterations: 9#
   0.995227  -0.0102767   0.0970479     126.174
 0.00992585    0.999942  0.00409737      107.98
 -0.0970844 -0.00311453    0.995271     -94.446
          0           0           0           1

<-Total transform 23->iterations: 5#
     0.9906   -0.017672    0.135643     203.653
  0.0165678     0.99982  0.00926487     130.404
  -0.135782 -0.00693047    0.990714    -164.474
          0           0           0           1

<-Total transform 29->iterations: 21#
   0.978436  -0.0228041    0.205286     281.133
  0.0204813      0.9997   0.0134329     197.664
   -0.20553 -0.00893874     0.97861    -249.864
          0           0           0           1

<-Total transform 35->iterations: 7#
  0.969323 -0.0261969    0.24439    338.514
 0.0194546   0.999362   0.029962    246.761
 -0.245019 -0.0242884   0.969214   -305.917
         0          0          0          1

<-Total transform 41->iterations: 3#
  0.959573 -0.0258047   0.280275    399.523
  0.015925   0.999171  0.0374706      263.7
  -0.28101 -0.0314924   0.959188   -353.292
         0          0          0          1

<-Total transform 47->iterations: 51#
  0.952747  -0.024899   0.302741    489.644
 0.0071459   0.998196  0.0596081    268.604
 -0.303679 -0.0546281   0.951207   -432.059
         0          0          0          1

<-Total transform 53->iterations: 24#
  0.905911 -0.0568536   0.419634    563.466
  0.023476   0.996165  0.0842839    348.293
 -0.422817 -0.0665024   0.903772   -620.867
         0          0          0          1

<-Total transform 59->iterations: 2#
  0.900349 -0.0622254   0.430696     573.51
 0.0217373   0.994919  0.0983014    371.804
 -0.434625 -0.0791434   0.897127   -629.723
         0          0          0          1

<-Total transform 65->iterations: 6#
  0.886045 -0.0683015    0.45854    587.592
  0.022362   0.994233   0.104885    393.103
  -0.46306 -0.0826785   0.882462   -680.563
         0          0          0          1

<-Total transform 71->iterations: 14#
  0.874902 -0.0702588   0.479177    616.395
 0.0171357   0.993292   0.114353      409.5
 -0.483997 -0.0918367   0.870237   -726.951
         0          0          0          1

<-Total transform 77->iterations: 2#
  0.858387 -0.0782118   0.507005    624.205
 0.0211993   0.992874   0.117271    439.994
 -0.512564 -0.0899161   0.853928   -778.771
         0          0          0          1

<-Total transform 83->iterations: 6#
  0.838246 -0.0852996    0.53858    629.722
 0.0238974   0.992487   0.119995    463.946
 -0.544769 -0.0877145   0.833986   -850.038
         0          0          0          1

<-Total transform 89->iterations: 12#
   0.82068 -0.0876085   0.564631    674.547
 0.0158034   0.991278   0.130837    462.088
 -0.571169 -0.0984526   0.814907   -922.694
         0          0          0          1

<-Total transform 95->iterations: 7#
  0.788191 -0.0878581   0.609127    710.058
0.00230626   0.990172   0.139834    489.451
 -0.615426  -0.108811   0.780647    -1027.6
         0          0          0          1

<-Total transform 101->iterations: 15#
  0.759981 -0.0874755   0.644032    760.409
-0.0124283   0.988764   0.148965    478.459
 -0.649827  -0.121214   0.750355   -1098.96
         0          0          0          1

<-Total transform 107->iterations: 6#
   0.720369   -0.107159    0.685263     769.928
-0.00640155    0.986924    0.161062     501.015
  -0.693561   -0.120411    0.710263    -1165.26
          0           0           0           1

<-Total transform 113->iterations: 5#
  0.679649  -0.124842   0.722836    764.878
0.00338244   0.985934   0.167101    549.275
 -0.733529  -0.111125   0.670512   -1244.78
         0          0          0          1

<-Total transform 119->iterations: 7#
    0.65332    -0.12993    0.745849     784.275
-0.00182954    0.984889    0.173174     563.016
   -0.75708   -0.114503     0.64321    -1316.48
          0           0           0           1

<-Total transform 125->iterations: 9#
    0.63096   -0.129477    0.764935     811.213
-0.00895804    0.984694    0.174064     567.234
  -0.775764   -0.116679    0.620142    -1344.45
          0           0           0           1

<-Total transform 131->iterations: 7#
  0.597233  -0.128403   0.791723     818.68
-0.0144155   0.985225    0.17066    581.221
 -0.801938  -0.113337   0.586558   -1372.41
         0          0          0          1

<-Total transform 137->iterations: 19#
  0.567806  -0.122859   0.813942    872.554
-0.0177058   0.986747   0.161294    575.087
 -0.822972  -0.105996   0.558106   -1379.33
         0          0          0          1

<-Total transform 143->iterations: 9#
  0.526785  -0.127667   0.840356    890.804
-0.0188601   0.986657   0.161716    581.771
 -0.849789  -0.101038   0.517348    -1439.1
         0          0          0          1

<-Total transform 149->iterations: 7#
  0.501447  -0.126417   0.855903      929.9
-0.0274946    0.98644   0.161805      582.5
 -0.864751   -0.10467   0.491172   -1456.16
         0          0          0          1

<-Total transform 155->iterations: 35#
  0.469237  -0.123485   0.874396    951.867
-0.0269039   0.987716   0.153926     591.63
 -0.882662 -0.0957523   0.460151   -1490.18
         0          0          0          1

<-Total transform 161->iterations: 4#
   0.43183  -0.114021   0.894719    994.436
-0.0339413    0.98922   0.142446    535.833
 -0.901316 -0.0918804   0.423305   -1520.99
         0          0          0          1

<-Total transform 167->iterations: 54#
  0.379536  -0.101312   0.919613    1027.94
-0.0376055   0.991475   0.124749    534.739
 -0.924412 -0.0819293   0.372491   -1553.97
         0          0          0          1

<-Total transform 173->iterations: 18#
  0.342414 -0.0919552   0.935039    1072.68
-0.0375592   0.993064   0.111416    518.007
 -0.938798 -0.0732696   0.336585   -1585.17
         0          0          0          1

<-Total transform 179->iterations: 17#
  0.303137 -0.0833915   0.949291    1112.11
-0.0380669   0.994309   0.099502    511.322
 -0.952186 -0.0662993   0.298238   -1616.29
         0          0          0          1

<-Total transform 185->iterations: 33#
   0.26939 -0.0800397   0.959699    1122.58
-0.0439305   0.994481   0.095272    515.619
 -0.962029 -0.0678254   0.264387   -1657.16
         0          0          0          1

<-Total transform 191->iterations: 23#
  0.255954 -0.0763479   0.963669    1150.53
-0.0484434   0.994611   0.091666    515.513
 -0.965474 -0.0701457   0.250876    -1680.8
         0          0          0          1

<-Total transform 197->iterations: 56#
  0.229098 -0.0652001   0.971217    1198.02
-0.0530539   0.995435  0.0793406     487.62
 -0.971956 -0.0697037   0.224593   -1709.38
         0          0          0          1

<-Total transform 203->iterations: 41#
  0.178875 -0.0543149   0.982371    1189.64
 -0.048023   0.996803  0.0638571    476.975
 -0.982699 -0.0585989   0.175695    -1794.2
         0          0          0          1

<-Total transform 209->iterations: 5#
  0.114909 -0.0535569   0.991931    1249.18
-0.0500385   0.996966  0.0596254    435.415
 -0.992115 -0.0564863   0.111881   -1917.42
         0          0          0          1

<-Total transform 215->iterations: 18#
 0.0795986 -0.0476666   0.995687    1236.65
-0.0593572   0.996857  0.0524679    416.909
 -0.995058 -0.0632775  0.0765191   -2004.38
         0          0          0          1

<-Total transform 221->iterations: 4#
 0.0430694  -0.048964   0.997872    1233.72
-0.0570997   0.997045  0.0513879    391.777
 -0.997439 -0.0591914  0.0401463   -2104.88
         0          0          0          1

<-Total transform 227->iterations: 18#
 0.0301025 -0.0461612    0.99848    1237.47
-0.0640139   0.996793  0.0480131    390.035
 -0.997495 -0.0653619   0.027051   -2158.77
         0          0          0          1

