<-One step transform 9->iterations: 2, Init error: 22.4113, SBA error16.4231#
   0.999999 -0.00054806  0.00147712     7.12356
0.000550215    0.999999 -0.00145918     3.11877
-0.00147632  0.00145999    0.999998    -8.70233
          0           0           0           1

<-One step transform 17->iterations: 4, Init error: 101.283, SBA error32.2498#
           1  0.000651604  0.000606753      45.6395
-0.000651472            1 -0.000219122     -27.0461
-0.000606895  0.000218726            1     -44.3505
           0            0            0            1

<-One step transform 25->iterations: 34, Init error: 1808.64, SBA error1028.87#
            1 -5.05495e-005   0.000698976       25.6379
 5.03973e-005             1   0.000217794       1.76936
 -0.000698987  -0.000217758             1      -2.49819
            0             0             0             1

<-One step transform 33->iterations: 4, Init error: 84.6839, SBA error49.8532#
    0.999998  0.000248034   0.00209863       22.308
-0.000244877     0.999999  -0.00150436     -9.20295
   -0.002099   0.00150384     0.999997       33.992
           0            0            0            1

<-One step transform 41->iterations: 5, Init error: 31.2805, SBA error20.699#
    0.999979  0.000226432   0.00642166      9.33124
 -0.00022375            1 -0.000418419     -2.04763
 -0.00642175  0.000416973     0.999979      43.5855
           0            0            0            1

<-One step transform 49->iterations: 43, Init error: 393.938, SBA error261.354#
     0.999997 -8.80841e-005    0.00236793      -8.73934
 8.77314e-005             1    0.00014906       1.17416
  -0.00236794  -0.000148852      0.999997       41.6112
            0             0             0             1

<-One step transform 57->iterations: 27, Init error: 95.4796, SBA error62.3313#
    0.999991   0.00126693   0.00414759      -16.093
  -0.0012656     0.999999 -0.000324939      13.4154
 -0.00414799  0.000319687     0.999991      36.8508
           0            0            0            1

<-One step transform 65->iterations: 23, Init error: 59.2659, SBA error54.976#
    0.999985  0.000803393   0.00537588      9.57831
-0.000807673     0.999999  0.000793992    0.0937672
 -0.00537524 -0.000798322     0.999985      15.0472
           0            0            0            1

<-One step transform 73->iterations: 26, Init error: 469.97, SBA error248.202#
    0.999989  -0.00169722   0.00427592      2.17108
  0.00169639     0.999999  0.000198908      2.06167
 -0.00427625 -0.000191652     0.999991      21.5975
           0            0            0            1

<-One step transform 81->iterations: 4, Init error: 95998.3, SBA error2086.06#
    0.99999 -0.00131403  0.00435643     5.52671
 0.00132107    0.999998 -0.00161322     1.53495
 -0.0043543  0.00161896    0.999989    -8.26843
          0           0           0           1

<-One step transform 89->iterations: 25, Init error: 71.1035, SBA error57.0784#
    0.999996  0.000514404   0.00284137       20.061
-0.000512091            1 -0.000814452     -4.39622
 -0.00284179  0.000812994     0.999996      11.9402
           0            0            0            1

<-One step transform 97->iterations: 21, Init error: 516.589, SBA error402.148#
    0.999995  0.000741074   0.00313396      9.42515
-0.000737736     0.999999  -0.00106635     -2.39413
 -0.00313475   0.00106404     0.999995      16.6992
           0            0            0            1

<-One step transform 105->iterations: 40, Init error: 631.799, SBA error359.003#
    0.999987  0.000877826   0.00495768      18.7253
-0.000867371     0.999997  -0.00211068     -13.5588
 -0.00495952   0.00210635     0.999985      6.19009
           0            0            0            1

<-One step transform 113->iterations: 3, Init error: 1594.97, SBA error616.589#
   0.999985 -0.00131161  0.00535939     15.8419
 0.00131941    0.999998 -0.00145125     9.08376
-0.00535748  0.00145829    0.999985     9.50217
          0           0           0           1

<-One step transform 121->iterations: 1, Init error: 81.4608, SBA error81.4608#
    0.999953 -0.000361791    0.0097085            0
 0.000374084     0.999999  -0.00126441            0
 -0.00970803   0.00126799     0.999952            0
           0            0            0            1

<-One step transform 129->iterations: 35, Init error: 115.828, SBA error93.0027#
   0.999969 -0.00146867   0.0077038     4.85206
 0.00147998    0.999998 -0.00146166     1.11141
-0.00770164  0.00147302    0.999969     26.2483
          0           0           0           1

<-One step transform 137->iterations: 2, Init error: 79.2706, SBA error76.3013#
   0.999946 -0.00399326  0.00958871     16.5209
 0.00400343    0.999991  -0.0010417     31.1036
-0.00958447  0.00108003    0.999953     21.4837
          0           0           0           1

<-One step transform 145->iterations: 49, Init error: 115.978, SBA error70.3348#
   0.999978 -0.00107327  0.00655124     22.9758
  0.0010688    0.999999 0.000684727     16.5382
-0.00655197 -0.00067771    0.999978     58.5348
          0           0           0           1

<-One step transform 153->iterations: 3, Init error: 8873.75, SBA error499.117#
    0.999978 -0.000368019   0.00661189     0.956881
 0.000372608            1  -0.00069282     -1.32851
 -0.00661163  0.000695268     0.999978      21.8512
           0            0            0            1

<-One step transform 161->iterations: 32, Init error: 3873.43, SBA error751.055#
   0.999974 -0.00206961  0.00697606     10.8892
 0.00208176    0.999996 -0.00173407     6.09642
-0.00697244  0.00174854    0.999974    -2.83572
          0           0           0           1

<-One step transform 169->iterations: 90, Init error: 313.905, SBA error214.76#
   0.999967 -0.00169902  0.00792842     12.6605
 0.00170918    0.999998  -0.0012744     2.99712
-0.00792624  0.00128791    0.999968     16.6698
          0           0           0           1

<-One step transform 177->iterations: 6, Init error: 135.025, SBA error105.497#
   0.999966 -0.00122595   0.0081322     25.0087
 0.00123769    0.999998  -0.0014394     15.9056
-0.00813042  0.00144942    0.999966     11.7921
          0           0           0           1

<-One step transform 185->iterations: 56, Init error: 234.506, SBA error167.262#
   0.999976 -0.00132902  0.00672903     11.0381
 0.00133798    0.999998 -0.00132785     5.48354
-0.00672725  0.00133682    0.999976     15.2149
          0           0           0           1

<-One step transform 193->iterations: 2, Init error: 328.909, SBA error245.682#
   0.999979 -0.00185195  0.00615912     32.0852
 0.00186357    0.999996 -0.00188158     29.4026
-0.00615561  0.00189302    0.999979    -23.2427
          0           0           0           1

<-One step transform 201->iterations: 2, Init error: 182.813, SBA error177.981#
   0.999955 -0.00159126  0.00937259    -4.83145
 0.00162124    0.999994 -0.00319197    -5.59906
-0.00936745  0.00320703    0.999951       30.79
          0           0           0           1

<-One step transform 209->iterations: 3, Init error: 540.065, SBA error482.826#
     0.999994    -0.0024088    0.00237558      -16.9607
     0.002409      0.999997 -8.21721e-005     0.0816337
  -0.00237537  8.78944e-005      0.999997       9.47081
            0             0             0             1

<-One step transform 217->iterations: 15, Init error: 152.088, SBA error112.75#
     0.999995   -0.00141393    0.00281913      -19.0212
   0.00141406      0.999999 -4.61938e-005     -0.742136
  -0.00281906    5.018e-005      0.999996       13.9643
            0             0             0             1

<-One step transform 225->iterations: 8, Init error: 1427.39, SBA error954.245#
   0.999996  0.00240551  0.00176766     14.8819
-0.00240116    0.999994 -0.00246222    -8.77615
-0.00177358  0.00245797    0.999995     1.84587
          0           0           0           1

<-One step transform 233->iterations: 17, Init error: 117.112, SBA error96.2478#
   0.999991   0.0020605  0.00363226     16.6552
-0.00205545    0.999997 -0.00139536    -20.6254
-0.00363512  0.00138788    0.999992    -56.5712
          0           0           0           1

<-One step transform 241->iterations: 5, Init error: 122.463, SBA error110.112#
     0.999992 -5.39761e-005    0.00398992       9.50731
 5.22593e-005             1   0.000430371      0.896441
  -0.00398994  -0.000430159      0.999992       18.0095
            0             0             0             1

<-One step transform 249->iterations: 44, Init error: 118.821, SBA error88.4119#
    0.999995   0.00142845   0.00263899      9.28929
  -0.0014265     0.999999 -0.000739269     -20.1537
 -0.00264004  0.000735501     0.999996      7.14078
           0            0            0            1

<-One step transform 257->iterations: 8, Init error: 79.9396, SBA error20.0913#
    0.999996   0.00136006   0.00252767     -13.7061
 -0.00135935     0.999999 -0.000283498     -25.3111
 -0.00252805  0.000280061     0.999997     -54.2416
           0            0            0            1

<-One step transform 265->iterations: 23, Init error: 59.3713, SBA error38.5764#
            1 -1.46481e-005   0.000235509       17.5592
 1.46237e-005             1    0.00010346     -0.118068
 -0.000235511  -0.000103457             1      -29.5544
            0             0             0             1

<-One step transform 273->iterations: 24, Init error: 266.231, SBA error236.183#
     0.999996    0.00125313    0.00266925      -10.6336
  -0.00125293      0.999999 -7.45419e-005       3.26485
  -0.00266934  7.11972e-005      0.999996      -7.03622
            0             0             0             1

<-One step transform 281->iterations: 7, Init error: 1362.01, SBA error1046.29#
    0.999994  0.000114769   0.00333084     -67.1189
-0.000114071            1  -0.00020978       1.0376
 -0.00333087  0.000209399     0.999994     -17.3374
           0            0            0            1

<-One step transform 289->iterations: 8, Init error: 521.115, SBA error473.921#
    0.999993 -0.000387979   0.00373085     -20.4486
 0.000389064            1 -0.000290119     -6.61292
 -0.00373074  0.000291568     0.999993     -3.35422
           0            0            0            1

<-One step transform 297->iterations: 26, Init error: 52.1855, SBA error43.1699#
     0.999995  2.90953e-005    0.00327473      -5.69025
-2.82258e-005             1  -0.000265585    -0.0170033
  -0.00327474   0.000265491      0.999995      -7.98906
            0             0             0             1

<-One step transform 305->iterations: 55, Init error: 179.441, SBA error83.3237#
           1 -0.000544863   0.00053017      1.30978
 0.000544641            1  0.000419296      3.15611
-0.000530398 -0.000419008            1      5.51797
           0            0            0            1

<-One step transform 313->iterations: 21, Init error: 87.9972, SBA error47.4994#
   0.999997   0.0022139 0.000558495     6.16893
-0.00221326    0.999997 -0.00113267    -23.8923
  -0.000561  0.00113143    0.999999    -9.03428
          0           0           0           1

<-One step transform 321->iterations: 34, Init error: 314.674, SBA error82.4505#
    0.999999   0.00149968  0.000526547      55.1566
 -0.00149924     0.999999 -0.000825643     -1.30656
-0.000527785  0.000824852            1      8.15561
           0            0            0            1

<-One step transform 329->iterations: 4, Init error: 220.904, SBA error147.005#
           1  -0.00012657  0.000226643     -3.70843
 0.000126609            1 -0.000171726      3.48899
-0.000226621  0.000171754            1       105.13
           0            0            0            1

<-One step transform 337->iterations: 2, Init error: 319.166, SBA error288.674#
    0.999999 -0.000188909   0.00161946     -18.3783
 0.000189947            1 -0.000640688     -4.07654
 -0.00161934  0.000640995     0.999998      30.2809
           0            0            0            1

<-One step transform 345->iterations: 16, Init error: 483.729, SBA error344.505#
    0.999996  0.000712336   0.00274954     -23.8244
-0.000709386     0.999999  -0.00107379     0.674978
  -0.0027503   0.00107184     0.999996      38.4383
           0            0            0            1

<-One step transform 353->iterations: 32, Init error: 196.186, SBA error98.3862#
    0.999999 -0.000515461    0.0010346     -22.6349
 0.000516107            1 -0.000623925    -0.670464
 -0.00103428  0.000624459     0.999999      32.1419
           0            0            0            1

<-One step transform 361->iterations: 17, Init error: 264.654, SBA error96.0876#
           1 -0.000435306   0.00039298     -46.7344
  0.00043561            1 -0.000772408     -3.15799
-0.000392644  0.000772579            1      -7.3096
           0            0            0            1

<-One step transform 369->iterations: 16, Init error: 188.335, SBA error140.62#
    0.999998  0.000214616     0.001901     -31.8592
-0.000210472     0.999998  -0.00218002       1.9753
 -0.00190146   0.00217962     0.999996      35.7061
           0            0            0            1

<-One step transform 377->iterations: 1, Init error: 133.1, SBA error133.1#
    0.999998 -0.000190822   0.00197194            0
 0.000195434     0.999997  -0.00233849            0
 -0.00197149   0.00233887     0.999995            0
           0            0            0            1

<-One step transform 385->iterations: 3, Init error: 228.676, SBA error140.378#
           1 -0.000796534  0.000204311      39.6422
  0.00079659            1 -0.000278023      4.34397
-0.000204089  0.000278185            1      30.1728
           0            0            0            1

<-One step transform 393->iterations: 1, Init error: 167.815, SBA error167.815#
    0.999999  0.000420924   0.00101255            0
-0.000418599     0.999997  -0.00229461            0
 -0.00101351   0.00229419     0.999997            0
           0            0            0            1

<-One step transform 401->iterations: 18, Init error: 207.098, SBA error90.7812#
    0.999997  0.000487691  -0.00246788     -43.4495
-0.000485253     0.999999  0.000988447      10.1576
  0.00246836 -0.000987247     0.999996      23.8265
           0            0            0            1

<-One step transform 409->iterations: 1, Init error: 157.712, SBA error157.712#
    0.999992   0.00105302   0.00387215            0
 -0.00105376     0.999999  0.000187887            0
 -0.00387195 -0.000191966     0.999992            0
           0            0            0            1

<-One step transform 417->iterations: 115, Init error: 110.183, SBA error86.4638#
   0.999989 -0.00364872  0.00289794    -9.99894
  0.0036423    0.999991  0.00221864  0.00505622
  -0.002906 -0.00220806    0.999993     3.55263
          0           0           0           1

<-One step transform 425->iterations: 4, Init error: 58.7833, SBA error56.649#
    0.999998 -0.000326655   0.00212562     -6.47283
 0.000324017     0.999999   0.00124122     0.530855
 -0.00212602  -0.00124053     0.999997      1.30371
           0            0            0            1

<-One step transform 433->iterations: 2, Init error: 213.11, SBA error199.826#
    0.999996  -0.00282231  0.000631639      9.73997
  0.00282011      0.99999   0.00346263      14.8009
-0.000641406  -0.00346083     0.999994      16.9336
           0            0            0            1

<-One step transform 441->iterations: 2, Init error: 1220.74, SBA error1192.91#
   0.999994   -0.003091 -0.00130398     27.2023
  0.0030963    0.999987  0.00408488     40.5782
 0.00129133 -0.00408889    0.999991      38.577
          0           0           0           1

<-One step transform 449->iterations: 2, Init error: 182.908, SBA error179.214#
   0.999986 -0.00354531  0.00385168      11.749
 0.00353481     0.99999  0.00272949  -0.0386697
-0.00386132 -0.00271584    0.999989    -1.02137
          0           0           0           1

<-One step transform 457->iterations: 25, Init error: 204.859, SBA error85.8734#
     0.999998  -0.000385698    0.00205995      -29.8163
  0.000385866             1 -8.13798e-005     -0.118134
  -0.00205992  8.21745e-005      0.999998      -16.0691
            0             0             0             1

<-One step transform 465->iterations: 20, Init error: 106.034, SBA error44.3128#
    0.999999 -0.000492482   0.00154486     -27.0902
 0.000490718     0.999999   0.00114174     -1.26011
 -0.00154542  -0.00114098     0.999998      7.13449
           0            0            0            1

