<-Total transform 5->iterations: 20, Init error: 95.2813, SBA error95.1175#
   0.997915  -0.0214371   0.0608838    0.669837
  0.0211586    0.999763  0.00521475   -0.011059
 -0.0609811 -0.00391566    0.998131     -0.1134
          0           0           0           1

<-Total transform 9->iterations: 25, Init error: 20.4973, SBA error19.2317#
    0.99684  -0.0297723   0.0736398     1.71238
  0.0293964    0.999549  0.00618344   -0.342683
 -0.0737906 -0.00399916    0.997266    -0.67693
          0           0           0           1

<-Total transform 13->iterations: 26, Init error: 70.0299, SBA error10.1797#
   0.996371  -0.0370163   0.0766508    -13.8349
  0.0363705     0.99929  0.00980465    -3.03889
 -0.0769593 -0.00698124     0.99701     2.84881
          0           0           0           1

<-Total transform 17->iterations: 2, Init error: 61.4105, SBA error46.2686#
  0.996013 -0.0425643  0.0784037   -22.2517
 0.0416183    0.99904  0.0136611   -1.71895
-0.0789099 -0.0103436   0.996828   -2.13358
         0          0          0          1

<-Total transform 21->iterations: 1, Init error: 64.1783, SBA error64.1783#
  0.995619 -0.0472698   0.080677   -22.2483
 0.0461866   0.998817  0.0152407   -1.82573
-0.0813019 -0.0114478   0.996624   -2.07918
         0          0          0          1

<-Total transform 25->iterations: 1, Init error: 67.1627, SBA error67.1627#
  0.995279 -0.0508229  0.0826828    -22.246
 0.0497245   0.998646  0.0152911   -1.90387
 -0.083348 -0.0111076   0.996459   -2.03364
         0          0          0          1

<-Total transform 29->iterations: 2, Init error: 127.075, SBA error119.678#
  0.995206 -0.0522599  0.0826649    -15.862
 0.0512363   0.998582  0.0144562   -1.94336
-0.0833031 -0.0101514   0.996473   -2.91224
         0          0          0          1

<-Total transform 33->iterations: 2, Init error: 26.2754, SBA error21.3887#
   0.995282  -0.0524901   0.0816028    -9.99113
  0.0515988    0.998583   0.0129944     -1.9464
 -0.0821693 -0.00872253     0.99658    -6.09961
          0           0           0           1

<-Total transform 37->iterations: 6, Init error: 72.7184, SBA error11.8377#
   0.995404  -0.0517916   0.0805574    -25.3863
  0.0509437    0.998623   0.0125469    -7.87101
 -0.0810963 -0.00838531    0.996671    -15.9762
          0           0           0           1

<-Total transform 41->iterations: 35, Init error: 33.0645, SBA error4.52593#
   0.995607  -0.0497959   0.0792883    -32.6455
  0.0488921    0.998716   0.0133005    -9.33997
 -0.0798488 -0.00936553    0.996763    -15.1153
          0           0           0           1

<-Total transform 45->iterations: 3, Init error: 62.8117, SBA error19.9778#
   0.995699  -0.0483137   0.0790492    -47.0042
  0.0473762    0.998783   0.0136939    -13.3178
 -0.0796146 -0.00988991    0.996777    -22.3283
          0           0           0           1

<-Total transform 49->iterations: 2, Init error: 30.7526, SBA error20.2027#
   0.995701   -0.047541   0.0794923     -52.149
  0.0469872    0.998857   0.0088246    -14.1697
 -0.0798209 -0.00505155    0.996796    -25.5613
          0           0           0           1

<-Total transform 53->iterations: 2, Init error: 35.1006, SBA error35.0351#
   0.995754  -0.0481107    0.078483    -58.1296
  0.0479798    0.998842  0.00355403    -11.9097
 -0.0785631 0.000226662    0.996909    -32.4491
          0           0           0           1

<-Total transform 57->iterations: 4, Init error: 58.8529, SBA error16.4443#
   0.995563  -0.0511953   0.0789493    -70.0792
  0.0515169     0.99867 -0.00204049    -13.6032
 -0.0787398  0.00609865    0.996877    -42.5366
          0           0           0           1

<-Total transform 61->iterations: 82, Init error: 32.17, SBA error28.3326#
  0.993869 -0.0592466  0.0933517   -71.7749
 0.0607975   0.998054 -0.0138559   -13.8813
-0.0923491  0.0194465   0.995537   -41.9726
         0          0          0          1

<-Total transform 65->iterations: 27, Init error: 15.1858, SBA error14.1287#
  0.993299 -0.0642769   0.096055   -72.7576
 0.0656931   0.997772 -0.0116515   -14.4681
 -0.095092  0.0178836   0.995308   -42.3887
         0          0          0          1

<-Total transform 69->iterations: 2, Init error: 10.0625, SBA error9.78548#
   0.993013  -0.0683221   0.0962178    -71.4318
  0.0693848     0.99756 -0.00773785    -14.9163
 -0.0954543   0.0143598     0.99533    -42.5309
          0           0           0           1

<-Total transform 73->iterations: 2, Init error: 47.6002, SBA error24.8646#
   0.992552  -0.0715263   0.0986161     -66.716
  0.0723951    0.997362 -0.00525534    -13.8562
 -0.0979801   0.0123555    0.995112    -46.2291
          0           0           0           1

<-Total transform 77->iterations: 2, Init error: 17.9852, SBA error10.8539#
   0.991847  -0.0743329    0.103509    -65.7168
  0.0751856     0.99716 -0.00435508    -13.4162
  -0.102891   0.0121019    0.994619    -48.6484
          0           0           0           1

<-Total transform 81->iterations: 3, Init error: 41.2482, SBA error21.5214#
   0.991169   -0.076556    0.108274    -74.9796
  0.0772754    0.997007 -0.00245776    -10.0437
  -0.107762    0.010803    0.994118    -55.2216
          0           0           0           1

<-Total transform 85->iterations: 42, Init error: 26.1171, SBA error10.6465#
   0.990389  -0.0784469    0.113912    -82.7446
  0.0790822    0.996868 -0.00106168    -10.4538
  -0.113472   0.0100599     0.99349     -60.621
          0           0           0           1

<-Total transform 89->iterations: 1, Init error: 14.6148, SBA error14.6148#
   0.98947 -0.0810316    0.11993   -83.0822
 0.0812973   0.996686 0.00268333    -10.882
  -0.11975 0.00709491   0.992779   -60.0815
         0          0          0          1

<-Total transform 93->iterations: 5, Init error: 7.6175, SBA error4.73038#
  0.988116 -0.0846189    0.12832   -85.9527
 0.0845279   0.996402 0.00616468   -11.2674
  -0.12838 0.00475522   0.991714   -65.7995
         0          0          0          1

<-Total transform 97->iterations: 23, Init error: 19.8914, SBA error11.051#
  0.986771 -0.0881973    0.13603   -81.7832
 0.0879468   0.996094 0.00786194   -10.9429
 -0.136192 0.00420544   0.990674   -72.9724
         0          0          0          1

<-Total transform 101->iterations: 3, Init error: 18.6149, SBA error12.2283#
  0.980592  -0.106095   0.164875   -79.1972
  0.105326   0.994347  0.0134252   -12.2741
 -0.165367 0.00420099   0.986223   -73.6996
         0          0          0          1

<-Total transform 105->iterations: 3, Init error: 41.7257, SBA error35.5823#
  0.978008  -0.113069   0.175258   -78.1698
   0.11207   0.993578  0.0156198    -10.801
 -0.175898 0.00436481   0.984399   -77.7916
         0          0          0          1

<-Total transform 109->iterations: 23, Init error: 37.9468, SBA error36.2572#
  0.972235  -0.127549   0.196191   -77.6666
   0.12642   0.991808  0.0183191   -7.52578
  -0.19692 0.00699201   0.980395   -75.3108
         0          0          0          1

<-Total transform 113->iterations: 3, Init error: 18.0422, SBA error13.1077#
  0.968571  -0.137941   0.206983   -75.8638
  0.136877   0.990396  0.0195197   -5.55293
 -0.207687 0.00942499    0.97815   -73.6305
         0          0          0          1

<-Total transform 117->iterations: 4, Init error: 13.584, SBA error10.2248#
 0.965709 -0.147589  0.213597  -77.4082
 0.146354  0.988995  0.021673  -4.62378
-0.214445  0.010331  0.976681  -73.3197
        0         0         0         1

<-Total transform 121->iterations: 1, Init error: 46.0055, SBA error46.0055#
  0.96191 -0.160547  0.221254   -77.936
 0.159003  0.986964 0.0248935  -5.67553
-0.222366 0.0112346  0.974899  -72.6839
        0         0         0         1

<-Total transform 125->iterations: 1, Init error: 79.1986, SBA error79.1986#
 0.958384 -0.171842  0.227972  -78.3871
 0.170837     0.985 0.0242896  -6.34079
-0.228726 0.0156672  0.973365  -72.1418
        0         0         0         1

<-Total transform 129->iterations: 1, Init error: 59.5809, SBA error59.5809#
 0.955387 -0.180774  0.233571  -78.7567
 0.181016  0.983265  0.020589  -6.63257
-0.233384 0.0226095  0.972122  -71.7117
        0         0         0         1

<-Total transform 133->iterations: 38, Init error: 14.0206, SBA error11.8771#
 0.953027 -0.186758  0.238456  -79.6546
  0.18832   0.98197 0.0164224   -6.8156
-0.237224 0.0292551  0.971014  -72.4497
        0         0         0         1

<-Total transform 137->iterations: 27, Init error: 33.8724, SBA error17.1643#
 0.951081 -0.190111   0.24352  -86.8838
 0.192648  0.981174 0.0135864  -3.87912
-0.241518 0.0339917  0.969801  -80.7726
        0         0         0         1

<-Total transform 141->iterations: 3, Init error: 24.7558, SBA error11.2487#
 0.949343 -0.191923  0.248825  -93.0856
 0.194968  0.980729  0.012591  -3.44638
-0.246447 0.0365598  0.968467  -83.9652
        0         0         0         1

<-Total transform 145->iterations: 3, Init error: 29.1003, SBA error14.7868#
 0.947376 -0.193292   0.25518  -99.5726
 0.196722  0.980383 0.0122658 -0.737177
-0.252545 0.0385793  0.966816  -91.3377
        0         0         0         1

<-Total transform 149->iterations: 3, Init error: 6.42325, SBA error4.49891#
 0.945449 -0.194577  0.261279  -101.804
 0.198183  0.980082 0.0127419  0.489583
-0.258554 0.0397343  0.965179  -97.0455
        0         0         0         1

<-Total transform 153->iterations: 18, Init error: 20.8987, SBA error8.31357#
 0.943325 -0.196136  0.267711   -107.92
 0.200034  0.979704 0.0129176  0.151727
-0.264811 0.0413657  0.963413  -98.9951
        0         0         0         1

<-Total transform 157->iterations: 40, Init error: 10.539, SBA error8.02838#
 0.940731 -0.198969  0.274658  -110.556
 0.203326  0.979027 0.0128184 -0.159524
-0.271448 0.0437865  0.961457  -99.9088
        0         0         0         1

<-Total transform 161->iterations: 56, Init error: 66.014, SBA error38.2872#
 0.936991 -0.204652  0.283136  -118.271
 0.210179    0.9776 0.0110642  -1.92601
-0.279059 0.0491421  0.959016  -101.525
        0         0         0         1

<-Total transform 165->iterations: 1, Init error: 34.0743, SBA error34.0743#
  0.933057  -0.210888   0.291428   -119.138
  0.217996   0.975915 0.00825646   -2.23578
  -0.28615  0.0558264   0.956557     -100.5
         0          0          0          1

<-Total transform 169->iterations: 2, Init error: 21.3309, SBA error17.7618#
  0.930017  -0.215693   0.297564   -114.354
  0.223825   0.974605 0.00690124   -2.57737
 -0.291496  0.0601841   0.954677   -100.687
         0          0          0          1

<-Total transform 173->iterations: 2, Init error: 16.3679, SBA error12.2085#
  0.92547 -0.222373  0.306686  -118.239
 0.231586  0.972793 0.0065118   -1.8513
 -0.29979 0.0649978  0.951789  -109.755
        0         0         0         1

<-Total transform 177->iterations: 4, Init error: 21.5002, SBA error16.7859#
  0.921497  -0.227838   0.314537   -116.043
    0.2383   0.971177 0.00533703    -1.4187
 -0.306687  0.0700362    0.94923   -122.015
         0          0          0          1

<-Total transform 181->iterations: 3, Init error: 44.4892, SBA error19.5711#
 0.918694 -0.231019  0.320363   -110.43
 0.242774  0.970077 0.0033439   6.63186
 -0.31155 0.0747038  0.947289  -132.534
        0         0         0         1

<-Total transform 185->iterations: 2, Init error: 25.2539, SBA error23.4772#
  0.915674  -0.234057   0.326739   -112.535
   0.24728   0.968944 0.00110232    6.81352
  -0.31685  0.0797866   0.945114   -133.764
         0          0          0          1

<-Total transform 189->iterations: 3, Init error: 29.2687, SBA error18.7262#
   0.912585   -0.237312    0.332974     -112.62
   0.252106    0.967699 -0.00126697     7.89263
  -0.321918   0.0851011    0.942935    -137.661
          0           0           0           1

<-Total transform 193->iterations: 3, Init error: 107.431, SBA error61.0907#
   0.909345   -0.241544    0.338744    -127.166
   0.257742    0.966209 -0.00293542     13.5713
  -0.326589   0.0899781    0.940874    -142.569
          0           0           0           1

<-Total transform 197->iterations: 26, Init error: 14.4248, SBA error14.1122#
   0.905339   -0.248219    0.344598    -126.971
   0.265855    0.964004 -0.00407686      13.067
  -0.331182    0.095304    0.938741    -141.622
          0           0           0           1

<-Total transform 201->iterations: 3, Init error: 34.5986, SBA error22.1506#
    0.90183   -0.254491    0.349195    -121.867
    0.27391    0.961734 -0.00649167     14.8942
   -0.33418    0.101502    0.937028    -141.764
          0           0           0           1

<-Total transform 205->iterations: 2, Init error: 78.0832, SBA error42.9596#
   0.898408   -0.260683    0.353424     -115.02
   0.282177    0.959313 -0.00971392     18.6238
  -0.336512    0.108455    0.935413    -143.999
          0           0           0           1

<-Total transform 209->iterations: 1, Init error: 32.5133, SBA error32.5133#
 0.892565 -0.274212   0.35796  -115.962
 0.297681  0.954602 -0.010997   17.9278
-0.338694  0.116374  0.933672   -143.33
        0         0         0         1

<-Total transform 213->iterations: 4, Init error: 1415.18, SBA error102.729#
  0.889985  -0.281384   0.358818   -180.858
  0.305778   0.952029 -0.0118504    5.91464
 -0.338271   0.120265   0.933332   -180.639
         0          0          0          1

<-Total transform 217->iterations: 1, Init error: 25.7696, SBA error25.7696#
  0.887714  -0.287381   0.359687   -181.047
    0.3128   0.949727 -0.0131864    5.45813
 -0.337815   0.124216    0.93298   -180.464
         0          0          0          1

<-Total transform 221->iterations: 1, Init error: 107.653, SBA error107.653#
 0.884627 -0.294757  0.361323  -181.383
 0.320357  0.947226 -0.011611   4.26214
-0.338832  0.126024  0.932368  -180.159
        0         0         0         1

<-Total transform 225->iterations: 4, Init error: 96.1391, SBA error65.2142#
   0.881998   -0.300549    0.362975    -187.968
   0.325617    0.945465 -0.00836146       2.098
  -0.340667    0.125566    0.931761    -207.968
          0           0           0           1

<-Total transform 229->iterations: 2, Init error: 126.813, SBA error107.795#
   0.879178   -0.304891    0.366179    -176.676
    0.32983    0.944022 -0.00588679    0.897294
  -0.343887    0.125952    0.930526    -208.567
          0           0           0           1

<-Total transform 233->iterations: 2, Init error: 62.2961, SBA error32.424#
   0.876904   -0.306812    0.370008    -169.426
   0.331898    0.943305 -0.00439048     6.50509
  -0.347684    0.126655    0.929018    -223.847
          0           0           0           1

<-Total transform 237->iterations: 4, Init error: 282.452, SBA error204.446#
   0.874342   -0.307935    0.375102    -163.107
   0.333621      0.9427 -0.00375528     7.41689
  -0.352452    0.128425    0.926976    -246.819
          0           0           0           1

<-Total transform 241->iterations: 25, Init error: 65.2131, SBA error48.9527#
  0.872662  -0.308037   0.378911   -168.652
  0.334662   0.942327 -0.0046835    7.57472
 -0.355616   0.130894   0.925421   -263.145
         0          0          0          1

<-Total transform 245->iterations: 2, Init error: 579.297, SBA error379.647#
   0.870986   -0.308028    0.382756    -188.147
   0.335371    0.942073 -0.00501292     3.08298
   -0.35904    0.132731    0.923836    -293.482
          0           0           0           1

<-Total transform 249->iterations: 24, Init error: 93.1337, SBA error42.0238#
   0.868752   -0.309069    0.386971    -199.184
   0.336802    0.941566 -0.00410614     1.06075
   -0.36309      0.1339    0.922083    -302.383
          0           0           0           1

<-Total transform 253->iterations: 13, Init error: 6.45221, SBA error3.98749#
   0.866173   -0.311327    0.390921    -201.328
   0.339931    0.940441 -0.00423283      0.9544
   -0.36632    0.136553    0.920415    -308.576
          0           0           0           1

<-Total transform 257->iterations: 2, Init error: 321.116, SBA error251.261#
   0.862088    -0.31553    0.396541    -221.845
   0.344623    0.938738 -0.00225795     3.65383
  -0.371536    0.138604    0.918014    -342.502
          0           0           0           1

<-Total transform 261->iterations: 6, Init error: 636.017, SBA error631.175#
    0.858822    -0.318304     0.401382     -225.001
    0.347613     0.937638 -0.000209012      2.38735
   -0.376285     0.139705     0.915911     -343.238
           0            0            0            1

<-Total transform 265->iterations: 1, Init error: 13.621, SBA error13.621#
    0.855001      -0.3193     0.408681     -227.739
    0.350097     0.936713 -0.000589601      2.36029
   -0.382628     0.143582     0.912677     -341.428
           0            0            0            1

<-Total transform 269->iterations: 2, Init error: 160.639, SBA error154.862#
   0.850448    -0.31901    0.418295    -229.921
   0.352352    0.935864 -0.00264724     3.06937
  -0.390623    0.149638    0.908307    -349.867
          0           0           0           1

<-Total transform 273->iterations: 2, Init error: 234.626, SBA error141.697#
   0.843701   -0.318409    0.432185     -245.74
   0.355975    0.934473 -0.00645981    -2.38196
  -0.401808    0.159297    0.901762     -361.93
          0           0           0           1

<-Total transform 277->iterations: 27, Init error: 218.482, SBA error216.736#
  0.836959  -0.321276   0.443037   -250.955
  0.362996   0.931736 -0.0100843   -1.30111
 -0.409554   0.169261   0.896447   -359.061
         0          0          0          1

<-Total transform 281->iterations: 2, Init error: 135.944, SBA error131.362#
  0.832135  -0.325443   0.449041   -255.392
  0.371075   0.928486 -0.0147317    2.29163
 -0.412134   0.178887   0.893389   -359.929
         0          0          0          1

<-Total transform 285->iterations: 21, Init error: 713.276, SBA error456.079#
  0.828153  -0.328769   0.453953   -271.421
  0.377649   0.925765 -0.0184788    1.80862
 -0.414178   0.186738   0.890834    -381.54
         0          0          0          1

<-Total transform 289->iterations: 62, Init error: 103.083, SBA error54.1367#
   0.82473  -0.330895   0.458617   -279.543
  0.382502   0.923707 -0.0213907    1.93816
 -0.416549   0.193063   0.888377    -385.75
         0          0          0          1

<-Total transform 293->iterations: 3, Init error: 124.142, SBA error47.366#
  0.818981  -0.333342   0.467068   -291.583
  0.389184   0.920814 -0.0252383    5.56368
  -0.42167   0.202445   0.883861   -398.204
         0          0          0          1

<-Total transform 297->iterations: 2, Init error: 25.0481, SBA error22.3608#
  0.813837   -0.33595   0.474139    -297.37
  0.394949   0.918299 -0.0272531    6.17872
 -0.426245    0.20944   0.880028    -397.53
         0          0          0          1

<-Total transform 301->iterations: 13, Init error: 71.5203, SBA error56.9761#
  0.809712  -0.338309   0.479493   -291.529
  0.399999   0.916052 -0.0291475    6.70968
  -0.42938   0.215398   0.877061   -399.684
         0          0          0          1

<-Total transform 305->iterations: 3, Init error: 72.7531, SBA error56.9999#
  0.805879  -0.340767   0.484187   -298.147
  0.404889   0.913849 -0.0307355    7.15716
    -0.432   0.220811   0.874425   -403.067
         0          0          0          1

<-Total transform 309->iterations: 24, Init error: 92.2024, SBA error92.0938#
 0.802627 -0.343216  0.487845  -299.411
 0.409933  0.911513 -0.033161   7.99779
-0.433296  0.226599    0.8723  -401.756
        0         0         0         1

<-Total transform 313->iterations: 39, Init error: 189.509, SBA error134.528#
  0.800554  -0.345232   0.489824   -304.596
  0.414839   0.909133 -0.0372356    9.02198
  -0.43246   0.233007   0.871026   -413.223
         0          0          0          1

<-Total transform 317->iterations: 3, Init error: 170.142, SBA error24.6148#
  0.798337  -0.347826   0.491605   -319.326
  0.419863   0.906691 -0.0403199    7.86149
 -0.431709   0.238596   0.869885   -428.577
         0          0          0          1

<-Total transform 321->iterations: 3, Init error: 105.025, SBA error34.1308#
  0.794565  -0.352611   0.494299   -322.846
  0.426335    0.90365 -0.0406904    8.04091
 -0.432325   0.243068   0.868339    -444.25
         0          0          0          1

<-Total transform 325->iterations: 40, Init error: 1003.26, SBA error318.894#
  0.790128  -0.359577   0.496389   -280.233
  0.433862   0.900155 -0.0385414    18.9074
 -0.432969   0.245817   0.867244   -475.445
         0          0          0          1

<-Total transform 329->iterations: 3, Init error: 19.9717, SBA error14.6962#
  0.785378  -0.367691   0.497982   -276.549
  0.441395   0.896666 -0.0340706    16.5948
 -0.433996   0.246565   0.866518   -477.226
         0          0          0          1

<-Total transform 333->iterations: 4, Init error: 42.7888, SBA error20.261#
  0.779856  -0.375617   0.500736   -267.483
  0.448674   0.893234 -0.0287318    13.9822
 -0.436482   0.247074   0.865123   -467.166
         0          0          0          1

<-Total transform 337->iterations: 14, Init error: 42.9352, SBA error30.1031#
  0.775038  -0.380553   0.504475   -267.903
  0.454239   0.890497 -0.0261086    14.4869
 -0.439298   0.249388   0.863031   -459.591
         0          0          0          1

<-Total transform 341->iterations: 2, Init error: 103.038, SBA error53.857#
  0.770605  -0.385204   0.507726   -262.507
  0.458837   0.888235 -0.0225135    15.9228
 -0.442308   0.250313   0.861224   -454.113
         0          0          0          1

<-Total transform 345->iterations: 2, Init error: 368.925, SBA error310.316#
  0.766389  -0.389374   0.510917   -260.009
  0.463098   0.886096 -0.0193581    19.8119
 -0.445184   0.251441   0.859412   -444.005
         0          0          0          1

<-Total transform 349->iterations: 1, Init error: 516.24, SBA error516.24#
  0.760619  -0.391717   0.517702   -263.563
  0.468765   0.883084 -0.0205371    20.4402
  -0.44913   0.258302   0.855314   -441.876
         0          0          0          1

<-Total transform 353->iterations: 1, Init error: 108.42, SBA error108.42#
  0.756797  -0.393192   0.522166   -265.901
  0.472558   0.881038 -0.0214734    20.9363
 -0.451605   0.263005   0.852573    -440.45
         0          0          0          1

<-Total transform 357->iterations: 2, Init error: 516.983, SBA error104.254#
   0.75194  -0.397442   0.525953   -287.939
  0.477913   0.878187 -0.0196463  -0.784656
 -0.454077   0.266133   0.850287   -474.426
         0          0          0          1

<-Total transform 361->iterations: 16, Init error: 2157.88, SBA error1364.17#
  0.746511  -0.403134   0.529344   -243.747
   0.48412   0.874847 -0.0164744    2.97985
 -0.456453   0.268564   0.848247   -482.562
         0          0          0          1

<-Total transform 365->iterations: 2, Init error: 109.632, SBA error63.2583#
  0.739151  -0.409255   0.534945   -239.383
  0.492373   0.870263 -0.0145406    7.65682
 -0.459592    0.27414   0.844762   -487.812
         0          0          0          1

<-Total transform 369->iterations: 12, Init error: 127.665, SBA error64.6193#
 0.731228 -0.415685  0.540844  -235.413
 0.500951   0.86539 -0.012166   9.39454
-0.462983  0.279832  0.841035  -508.978
        0         0         0         1

<-Total transform 373->iterations: 4, Init error: 360.872, SBA error20.7737#
   0.722036   -0.423643    0.546984    -211.449
   0.510679    0.859732 -0.00824392     10.0485
  -0.466767    0.285286    0.837103    -524.406
          0           0           0           1

