<-Total transform 33->iterations: 1, Init error: 1458.78, SBA error1458.78#
   0.997915  -0.0214371   0.0608838           0
  0.0211586    0.999763  0.00521475           0
 -0.0609811 -0.00391566    0.998131           0
          0           0           0           1

<-Total transform 65->iterations: 2, Init error: 1027.77, SBA error789.46#
    0.99684  -0.0297723   0.0736398    -43.9086
  0.0293964    0.999549  0.00618344    -51.7199
 -0.0737906 -0.00399916    0.997266     -19.455
          0           0           0           1

<-Total transform 97->iterations: 2, Init error: 191.578, SBA error173.761#
   0.996371  -0.0370163   0.0766508    -45.2483
  0.0363705     0.99929  0.00980465    -48.5409
 -0.0769593 -0.00698124     0.99701    -45.1101
          0           0           0           1

<-Total transform 129->iterations: 4, Init error: 353.874, SBA error259.654#
  0.996013 -0.0425643  0.0784037   -22.9761
 0.0416183    0.99904  0.0136611   -49.0089
-0.0789099 -0.0103436   0.996828    -48.339
         0          0          0          1

<-Total transform 161->iterations: 51, Init error: 548.389, SBA error160.768#
  0.995619 -0.0472698   0.080677    -65.709
 0.0461866   0.998817  0.0152407   -54.0137
-0.0813019 -0.0114478   0.996624   -89.5624
         0          0          0          1

<-Total transform 193->iterations: 41, Init error: 462.944, SBA error262.357#
  0.995279 -0.0508229  0.0826828   -47.2465
 0.0497245   0.998646  0.0152911   -52.7432
 -0.083348 -0.0111076   0.996459   -119.127
         0          0          0          1

<-Total transform 225->iterations: 4, Init error: 365.548, SBA error326.88#
  0.995206 -0.0522599  0.0826649   -43.0362
 0.0512363   0.998582  0.0144562   -52.7152
-0.0833031 -0.0101514   0.996473   -121.237
         0          0          0          1

<-Total transform 257->iterations: 2, Init error: 808.592, SBA error798.849#
   0.995282  -0.0524901   0.0816028    -41.6428
  0.0515988    0.998583   0.0129944    -52.9962
 -0.0821693 -0.00872253     0.99658    -54.5068
          0           0           0           1

<-Total transform 289->iterations: 27, Init error: 554.309, SBA error73.7605#
   0.995404  -0.0517916   0.0805574    -59.8554
  0.0509437    0.998623   0.0125469    -49.9129
 -0.0810963 -0.00838531    0.996671     -154.42
          0           0           0           1

<-Total transform 321->iterations: -1, Init error: 1.#INF, SBA error-1.#INF#
   0.995404  -0.0517916   0.0805574    -59.8554
  0.0509437    0.998623   0.0125469    -49.9129
 -0.0810963 -0.00838531    0.996671     -154.42
          0           0           0           1

<-Total transform 353->iterations: -1, Init error: 1.13758e-304, SBA error2.52339e-303#
   0.995404  -0.0517916   0.0805574    -59.8554
  0.0509437    0.998623   0.0125469    -49.9129
 -0.0810963 -0.00838531    0.996671     -154.42
          0           0           0           1

