<-Total transform 2->iterations: 1, Init error: 44.0453, SBA error44.0453#
   0.997915  -0.0214371   0.0608838           0
  0.0211586    0.999763  0.00521475           0
 -0.0609811 -0.00391566    0.998131           0
          0           0           0           1

<-Total transform 3->iterations: 3, Init error: 7.50442, SBA error4.81963#
    0.99684  -0.0297723   0.0736398     3.63905
  0.0293964    0.999549  0.00618344    0.107127
 -0.0737906 -0.00399916    0.997266   -0.733463
          0           0           0           1

<-Total transform 4->iterations: 18, Init error: 6.23336, SBA error5.39804#
   0.996371  -0.0370163   0.0766508     6.08462
  0.0363705     0.99929  0.00980465    0.257268
 -0.0769593 -0.00698124     0.99701      -1.453
          0           0           0           1

<-Total transform 5->iterations: 21, Init error: 6.01816, SBA error4.92891#
  0.996013 -0.0425643  0.0784037    5.98674
 0.0416183    0.99904  0.0136611   0.342671
-0.0789099 -0.0103436   0.996828   -1.82115
         0          0          0          1

<-Total transform 6->iterations: 21, Init error: 7.14602, SBA error6.50961#
  0.995619 -0.0472698   0.080677    5.09891
 0.0461866   0.998817  0.0152407   0.408124
-0.0813019 -0.0114478   0.996624   -1.81193
         0          0          0          1

<-Total transform 7->iterations: 39, Init error: 7.39399, SBA error6.72609#
  0.995279 -0.0508229  0.0826828    4.77603
 0.0497245   0.998646  0.0152911   0.420116
 -0.083348 -0.0111076   0.996459   -1.87857
         0          0          0          1

<-Total transform 8->iterations: 22, Init error: 6.13153, SBA error3.7187#
  0.995206 -0.0522599  0.0826649    4.10073
 0.0512363   0.998582  0.0144562   0.458023
-0.0833031 -0.0101514   0.996473   -2.00758
         0          0          0          1

<-Total transform 9->iterations: 2, Init error: 7.94163, SBA error7.31968#
   0.995282  -0.0524901   0.0816028     3.76122
  0.0515988    0.998583   0.0129944    0.631755
 -0.0821693 -0.00872253     0.99658    -2.01897
          0           0           0           1

<-Total transform 10->iterations: 27, Init error: 7.72893, SBA error3.85567#
   0.995404  -0.0517916   0.0805574   -0.226843
  0.0509437    0.998623   0.0125469     0.58317
 -0.0810963 -0.00838531    0.996671    -1.68961
          0           0           0           1

<-Total transform 11->iterations: 22, Init error: 15.4755, SBA error3.07461#
   0.995607  -0.0497959   0.0792883    -4.02135
  0.0488921    0.998716   0.0133005    0.202872
 -0.0798488 -0.00936553    0.996763    -2.39972
          0           0           0           1

<-Total transform 12->iterations: 38, Init error: 10.7654, SBA error4.00617#
   0.995699  -0.0483137   0.0790492      -8.793
  0.0473762    0.998783   0.0136939    0.552509
 -0.0796146 -0.00988991    0.996777    -2.38878
          0           0           0           1

<-Total transform 13->iterations: 7, Init error: 10.8374, SBA error7.56167#
   0.995701   -0.047541   0.0794923    -13.6645
  0.0469872    0.998857   0.0088246    0.722576
 -0.0798209 -0.00505155    0.996796    -1.94768
          0           0           0           1

<-Total transform 14->iterations: 3, Init error: 9.13528, SBA error4.01549#
   0.995754  -0.0481107    0.078483    -16.8675
  0.0479798    0.998842  0.00355403     1.40907
 -0.0785631 0.000226662    0.996909    -1.85903
          0           0           0           1

<-Total transform 15->iterations: 3, Init error: 18.3875, SBA error11.5463#
   0.995563  -0.0511953   0.0789493    -24.1514
  0.0515169     0.99867 -0.00204049     5.82322
 -0.0787398  0.00609865    0.996877    -3.85186
          0           0           0           1

<-Total transform 16->iterations: 3, Init error: 16.6799, SBA error9.4502#
  0.993869 -0.0592466  0.0933517   -27.1245
 0.0607975   0.998054 -0.0138559    7.15716
-0.0923491  0.0194465   0.995537   -7.48369
         0          0          0          1

<-Total transform 17->iterations: 3, Init error: 6.11556, SBA error3.34042#
  0.993299 -0.0642769   0.096055   -24.7705
 0.0656931   0.997772 -0.0116515    7.87275
 -0.095092  0.0178836   0.995308   -9.94935
         0          0          0          1

<-Total transform 18->iterations: 10, Init error: 4.37414, SBA error4.1806#
   0.993013  -0.0683221   0.0962178    -23.8149
  0.0693848     0.99756 -0.00773785     7.74684
 -0.0954543   0.0143598     0.99533    -10.4143
          0           0           0           1

<-Total transform 19->iterations: 1, Init error: 9.61654, SBA error9.61654#
   0.992552  -0.0715263   0.0986161    -23.8647
  0.0723951    0.997362 -0.00525534     7.64687
 -0.0979801   0.0123555    0.995112    -10.3741
          0           0           0           1

<-Total transform 20->iterations: 1, Init error: 10.6501, SBA error10.6501#
   0.991847  -0.0743329    0.103509    -23.9372
  0.0751856     0.99716 -0.00435508     7.57184
  -0.102891   0.0121019    0.994619    -10.2615
          0           0           0           1

<-Total transform 21->iterations: 1, Init error: 6.67037, SBA error6.67037#
   0.991169   -0.076556    0.108274    -24.0033
  0.0772754    0.997007 -0.00245776     7.50008
  -0.107762    0.010803    0.994118    -10.1594
          0           0           0           1

<-Total transform 22->iterations: 1, Init error: 6.38632, SBA error6.38632#
   0.990389  -0.0784469    0.113912    -24.0751
  0.0790822    0.996868 -0.00106168     7.44108
  -0.113472   0.0100599     0.99349    -10.0319
          0           0           0           1

<-Total transform 23->iterations: 1, Init error: 6.1504, SBA error6.1504#
   0.98947 -0.0810316    0.11993   -24.1551
 0.0812973   0.996686 0.00268333     7.3428
  -0.11975 0.00709491   0.992779   -9.91134
         0          0          0          1

<-Total transform 24->iterations: 1, Init error: 10.267, SBA error10.267#
  0.988116 -0.0846189    0.12832   -24.2649
 0.0845279   0.996402 0.00616468    7.22446
  -0.12838 0.00475522   0.991714   -9.72846
         0          0          0          1

<-Total transform 25->iterations: 1, Init error: 11.0136, SBA error11.0136#
  0.986771 -0.0881973    0.13603   -24.3661
 0.0879468   0.996094 0.00786194    7.12442
 -0.136192 0.00420544   0.990674   -9.54753
         0          0          0          1

<-Total transform 26->iterations: 12, Init error: 28.1557, SBA error28.1555#
  0.980592  -0.106095   0.164875   -24.7564
  0.105326   0.994347  0.0134252    6.65317
 -0.165367 0.00420099   0.986223   -8.84628
         0          0          0          1

<-Total transform 27->iterations: 31, Init error: 5.91981, SBA error5.82328#
  0.978008  -0.113069   0.175258   -24.3073
   0.11207   0.993578  0.0156198    6.48499
 -0.175898 0.00436481   0.984399   -9.14607
         0          0          0          1

<-Total transform 28->iterations: 1, Init error: 9.32904, SBA error9.32904#
  0.972235  -0.127549   0.196191   -24.5916
   0.12642   0.991808  0.0183191    6.12562
  -0.19692 0.00699201   0.980395   -8.61868
         0          0          0          1

<-Total transform 29->iterations: 26, Init error: 6.09751, SBA error4.83745#
  0.968571  -0.137941   0.206983   -22.2479
  0.136877   0.990396  0.0195197    5.97118
 -0.207687 0.00942499    0.97815   -9.22035
         0          0          0          1

<-Total transform 30->iterations: 3, Init error: 5.80334, SBA error4.15587#
 0.965709 -0.147589  0.213597  -19.1203
 0.146354  0.988995  0.021673     5.906
-0.214445  0.010331  0.976681  -10.2969
        0         0         0         1

<-Total transform 31->iterations: 26, Init error: 4.25904, SBA error3.56978#
  0.96191 -0.160547  0.221254  -17.5946
 0.159003  0.986964 0.0248935   5.79613
-0.222366 0.0112346  0.974899  -11.2508
        0         0         0         1

<-Total transform 32->iterations: 26, Init error: 4.66582, SBA error4.36874#
 0.958384 -0.171842  0.227972  -16.9814
 0.170837     0.985 0.0242896   5.67298
-0.228726 0.0156672  0.973365  -12.2252
        0         0         0         1

<-Total transform 33->iterations: 22, Init error: 4.71591, SBA error3.09369#
 0.955387 -0.180774  0.233571  -17.3051
 0.181016  0.983265  0.020589   5.74675
-0.233384 0.0226095  0.972122  -14.2739
        0         0         0         1

<-Total transform 34->iterations: 4, Init error: 9.10327, SBA error4.71539#
 0.953027 -0.186758  0.238456  -19.3889
  0.18832   0.98197 0.0164224   5.98719
-0.237224 0.0292551  0.971014  -18.0296
        0         0         0         1

<-Total transform 35->iterations: 3, Init error: 13.6558, SBA error6.46746#
 0.951081 -0.190111   0.24352  -23.5055
 0.192648  0.981174 0.0135864   7.62262
-0.241518 0.0339917  0.969801  -19.6435
        0         0         0         1

<-Total transform 36->iterations: 3, Init error: 14.2011, SBA error5.53919#
 0.949343 -0.191923  0.248825  -28.1689
 0.194968  0.980729  0.012591   8.01626
-0.246447 0.0365598  0.968467  -20.7418
        0         0         0         1

<-Total transform 37->iterations: 16, Init error: 11.1019, SBA error6.21125#
 0.947376 -0.193292   0.25518  -31.2203
 0.196722  0.980383 0.0122658   8.15207
-0.252545 0.0385793  0.966816   -20.805
        0         0         0         1

<-Total transform 38->iterations: 8, Init error: 6.54523, SBA error4.8866#
 0.945449 -0.194577  0.261279  -33.0385
 0.198183  0.980082 0.0127419   8.25075
-0.258554 0.0397343  0.965179  -19.9808
        0         0         0         1

<-Total transform 39->iterations: 2, Init error: 7.72552, SBA error7.66406#
 0.943325 -0.196136  0.267711  -33.3591
 0.200034  0.979704 0.0129176   8.79975
-0.264811 0.0413657  0.963413  -19.7317
        0         0         0         1

<-Total transform 40->iterations: 6, Init error: 6.80976, SBA error2.03651#
 0.940731 -0.198969  0.274658  -34.9489
 0.203326  0.979027 0.0128184   8.90984
-0.271448 0.0437865  0.961457   -19.126
        0         0         0         1

<-Total transform 41->iterations: 8, Init error: 10.2452, SBA error2.62815#
 0.936991 -0.204652  0.283136  -39.1493
 0.210179    0.9776 0.0110642   9.26249
-0.279059 0.0491421  0.959016  -18.1073
        0         0         0         1

<-Total transform 42->iterations: 2, Init error: 16.259, SBA error9.57458#
  0.933057  -0.210888   0.291428    -41.456
  0.217996   0.975915 0.00825646    9.56299
  -0.28615  0.0558264   0.956557   -18.5161
         0          0          0          1

<-Total transform 43->iterations: 3, Init error: 13.7327, SBA error8.14042#
  0.930017  -0.215693   0.297564   -45.1953
  0.223825   0.974605 0.00690124    11.9383
 -0.291496  0.0601841   0.954677    -18.303
         0          0          0          1

<-Total transform 44->iterations: 26, Init error: 11.6256, SBA error8.48133#
  0.92547 -0.222373  0.306686  -48.0787
 0.231586  0.972793 0.0065118   15.7284
 -0.29979 0.0649978  0.951789  -18.8483
        0         0         0         1

<-Total transform 45->iterations: 3, Init error: 8.12226, SBA error4.55205#
  0.921497  -0.227838   0.314537   -51.7375
    0.2383   0.971177 0.00533703    15.6587
 -0.306687  0.0700362    0.94923   -18.7561
         0          0          0          1

<-Total transform 46->iterations: 27, Init error: 7.30414, SBA error6.14279#
 0.918694 -0.231019  0.320363  -52.8545
 0.242774  0.970077 0.0033439   18.3612
 -0.31155 0.0747038  0.947289  -20.0308
        0         0         0         1

<-Total transform 47->iterations: 28, Init error: 7.93733, SBA error6.59198#
  0.915674  -0.234057   0.326739   -54.3369
   0.24728   0.968944 0.00110232    21.5771
  -0.31685  0.0797866   0.945114   -20.7118
         0          0          0          1

<-Total transform 48->iterations: 3, Init error: 8.28533, SBA error7.91566#
   0.912585   -0.237312    0.332974    -57.9022
   0.252106    0.967699 -0.00126697     25.8996
  -0.321918   0.0851011    0.942935    -21.6366
          0           0           0           1

<-Total transform 49->iterations: 5, Init error: 7.82928, SBA error3.70856#
   0.909345   -0.241544    0.338744    -59.9234
   0.257742    0.966209 -0.00293542     26.1899
  -0.326589   0.0899781    0.940874    -22.2248
          0           0           0           1

<-Total transform 50->iterations: 9, Init error: 5.30473, SBA error2.82227#
   0.905339   -0.248219    0.344598     -62.278
   0.265855    0.964004 -0.00407686     26.5892
  -0.331182    0.095304    0.938741    -22.1106
          0           0           0           1

<-Total transform 51->iterations: 4, Init error: 7.37616, SBA error4.9102#
    0.90183   -0.254491    0.349195    -63.6336
    0.27391    0.961734 -0.00649167      26.882
   -0.33418    0.101502    0.937028    -23.7235
          0           0           0           1

<-Total transform 52->iterations: 3, Init error: 7.82395, SBA error4.74474#
   0.898408   -0.260683    0.353424    -66.6971
   0.282177    0.959313 -0.00971392     26.8082
  -0.336512    0.108455    0.935413    -24.0163
          0           0           0           1

<-Total transform 53->iterations: 3, Init error: 14.6132, SBA error8.22369#
 0.892565 -0.274212   0.35796  -70.2398
 0.297681  0.954602 -0.010997    28.312
-0.338694  0.116374  0.933672  -26.2974
        0         0         0         1

<-Total transform 54->iterations: 3, Init error: 9.3776, SBA error4.32044#
  0.889985  -0.281384   0.358818   -74.0509
  0.305778   0.952029 -0.0118504    28.0899
 -0.338271   0.120265   0.933332   -26.7528
         0          0          0          1

<-Total transform 55->iterations: 6, Init error: 10.6835, SBA error2.7938#
  0.887714  -0.287381   0.359687   -79.0529
    0.3128   0.949727 -0.0131864    28.1512
 -0.337815   0.124216    0.93298   -28.5117
         0          0          0          1

<-Total transform 56->iterations: 3, Init error: 10.8285, SBA error8.37876#
 0.884627 -0.294757  0.361323   -81.386
 0.320357  0.947226 -0.011611   26.8239
-0.338832  0.126024  0.932368  -30.0626
        0         0         0         1

<-Total transform 57->iterations: 15, Init error: 9.19539, SBA error3.10552#
   0.881998   -0.300549    0.362975    -85.6195
   0.325617    0.945465 -0.00836146      26.351
  -0.340667    0.125566    0.931761    -30.8342
          0           0           0           1

<-Total transform 58->iterations: 37, Init error: 8.68493, SBA error5.11807#
   0.879178   -0.304891    0.366179    -87.9667
    0.32983    0.944022 -0.00588679     25.8388
  -0.343887    0.125952    0.930526    -30.9343
          0           0           0           1

<-Total transform 59->iterations: 35, Init error: 6.89543, SBA error5.11008#
   0.876904   -0.306812    0.370008    -89.4888
   0.331898    0.943305 -0.00439048     25.6098
  -0.347684    0.126655    0.929018    -30.7698
          0           0           0           1

<-Total transform 60->iterations: 27, Init error: 6.5585, SBA error5.59313#
   0.874342   -0.307935    0.375102    -90.8708
   0.333621      0.9427 -0.00375528     25.4356
  -0.352452    0.128425    0.926976    -30.5331
          0           0           0           1

<-Total transform 61->iterations: 34, Init error: 5.94448, SBA error4.31147#
  0.872662  -0.308037   0.378911   -91.6343
  0.334662   0.942327 -0.0046835    25.4139
 -0.355616   0.130894   0.925421   -30.5487
         0          0          0          1

<-Total transform 62->iterations: 18, Init error: 4.9938, SBA error2.81276#
   0.870986   -0.308028    0.382756    -93.0835
   0.335371    0.942073 -0.00501292      25.392
   -0.35904    0.132731    0.923836    -30.3694
          0           0           0           1

<-Total transform 63->iterations: 18, Init error: 5.34763, SBA error3.04938#
   0.868752   -0.309069    0.386971    -94.5771
   0.336802    0.941566 -0.00410614     25.2938
   -0.36309      0.1339    0.922083    -29.9142
          0           0           0           1

<-Total transform 64->iterations: 24, Init error: 6.16175, SBA error4.74387#
   0.866173   -0.311327    0.390921    -96.3945
   0.339931    0.940441 -0.00423283     25.0811
   -0.36632    0.136553    0.920415    -29.7357
          0           0           0           1

<-Total transform 65->iterations: 26, Init error: 6.23164, SBA error5.00753#
   0.862088    -0.31553    0.396541    -97.7365
   0.344623    0.938738 -0.00225795     24.5689
  -0.371536    0.138604    0.918014    -29.3181
          0           0           0           1

<-Total transform 66->iterations: 29, Init error: 4.83576, SBA error3.21232#
    0.858822    -0.318304     0.401382     -99.0025
    0.347613     0.937638 -0.000209012      24.2255
   -0.376285     0.139705     0.915911     -29.5227
           0            0            0            1

<-Total transform 67->iterations: 19, Init error: 4.43059, SBA error3.79047#
    0.855001      -0.3193     0.408681     -99.1384
    0.350097     0.936713 -0.000589601      24.0397
   -0.382628     0.143582     0.912677     -29.4057
           0            0            0            1

<-Total transform 68->iterations: 18, Init error: 3.88693, SBA error3.69623#
   0.850448    -0.31901    0.418295    -99.2036
   0.352352    0.935864 -0.00264724     23.9955
  -0.390623    0.149638    0.908307    -28.6751
          0           0           0           1

<-Total transform 69->iterations: 2, Init error: 4.5984, SBA error4.46647#
   0.843701   -0.318409    0.432185    -97.9404
   0.355975    0.934473 -0.00645981     26.7311
  -0.401808    0.159297    0.901762     -29.662
          0           0           0           1

<-Total transform 70->iterations: 4, Init error: 10.0181, SBA error4.72447#
  0.836959  -0.321276   0.443037   -94.3012
  0.362996   0.931736 -0.0100843    27.9629
 -0.409554   0.169261   0.896447    -31.696
         0          0          0          1

<-Total transform 71->iterations: 6, Init error: 5.98459, SBA error3.99259#
  0.832135  -0.325443   0.449041   -92.0583
  0.371075   0.928486 -0.0147317    28.6807
 -0.412134   0.178887   0.893389   -32.8842
         0          0          0          1

<-Total transform 72->iterations: 3, Init error: 7.1643, SBA error3.60846#
  0.828153  -0.328769   0.453953   -91.3526
  0.377649   0.925765 -0.0184788    29.4086
 -0.414178   0.186738   0.890834   -35.4257
         0          0          0          1

<-Total transform 73->iterations: 4, Init error: 7.91328, SBA error3.57759#
   0.82473  -0.330895   0.458617    -92.648
  0.382502   0.923707 -0.0213907    29.8559
 -0.416549   0.193063   0.888377   -36.5388
         0          0          0          1

<-Total transform 74->iterations: 3, Init error: 6.80773, SBA error4.50886#
  0.818981  -0.333342   0.467068   -95.6712
  0.389184   0.920814 -0.0252383    29.8345
  -0.42167   0.202445   0.883861   -36.3019
         0          0          0          1

<-Total transform 75->iterations: 11, Init error: 5.11792, SBA error3.03687#
  0.813837   -0.33595   0.474139   -97.3125
  0.394949   0.918299 -0.0272531    30.4514
 -0.426245    0.20944   0.880028   -36.8391
         0          0          0          1

<-Total transform 76->iterations: 8, Init error: 5.49635, SBA error3.26212#
  0.809712  -0.338309   0.479493   -97.8688
  0.399999   0.916052 -0.0291475    31.0839
  -0.42938   0.215398   0.877061   -38.2424
         0          0          0          1

<-Total transform 77->iterations: 6, Init error: 5.76142, SBA error3.61304#
  0.805879  -0.340767   0.484187   -97.8434
  0.404889   0.913849 -0.0307355    31.3263
    -0.432   0.220811   0.874425   -39.8015
         0          0          0          1

<-Total transform 78->iterations: 5, Init error: 7.02101, SBA error3.51981#
 0.802627 -0.343216  0.487845  -99.0433
 0.409933  0.911513 -0.033161   31.6798
-0.433296  0.226599    0.8723  -40.7955
        0         0         0         1

<-Total transform 79->iterations: 3, Init error: 7.12494, SBA error4.67478#
  0.800554  -0.345232   0.489824   -100.315
  0.414839   0.909133 -0.0372356    34.4144
  -0.43246   0.233007   0.871026   -40.8604
         0          0          0          1

<-Total transform 80->iterations: 3, Init error: 10.6726, SBA error5.66972#
  0.798337  -0.347826   0.491605   -103.397
  0.419863   0.906691 -0.0403199    36.9329
 -0.431709   0.238596   0.869885   -41.6689
         0          0          0          1

<-Total transform 81->iterations: 21, Init error: 11.9636, SBA error6.74558#
  0.794565  -0.352611   0.494299    -106.08
  0.426335    0.90365 -0.0406904    38.1128
 -0.432325   0.243068   0.868339    -42.332
         0          0          0          1

<-Total transform 82->iterations: 5, Init error: 9.09797, SBA error3.36338#
  0.790128  -0.359577   0.496389    -111.31
  0.433862   0.900155 -0.0385414    37.7016
 -0.432969   0.245817   0.867244   -42.7002
         0          0          0          1

<-Total transform 83->iterations: 6, Init error: 7.50883, SBA error3.70779#
  0.785378  -0.367691   0.497982   -114.853
  0.441395   0.896666 -0.0340706    36.8355
 -0.433996   0.246565   0.866518   -43.2496
         0          0          0          1

<-Total transform 84->iterations: 19, Init error: 7.5029, SBA error5.56375#
  0.779856  -0.375617   0.500736   -117.559
  0.448674   0.893234 -0.0287318     35.732
 -0.436482   0.247074   0.865123   -43.7032
         0          0          0          1

<-Total transform 85->iterations: 22, Init error: 6.00705, SBA error4.60192#
  0.775038  -0.380553   0.504475   -119.399
  0.454239   0.890497 -0.0261086      34.97
 -0.439298   0.249388   0.863031   -43.8494
         0          0          0          1

<-Total transform 86->iterations: 13, Init error: 5.23556, SBA error4.49642#
  0.770605  -0.385204   0.507726   -120.206
  0.458837   0.888235 -0.0225135    34.2379
 -0.442308   0.250313   0.861224   -44.5156
         0          0          0          1

<-Total transform 87->iterations: 13, Init error: 4.90252, SBA error4.03525#
  0.766389  -0.389374   0.510917   -120.788
  0.463098   0.886096 -0.0193581    33.5734
 -0.445184   0.251441   0.859412   -44.9474
         0          0          0          1

<-Total transform 88->iterations: 37, Init error: 5.36561, SBA error4.07675#
  0.760619  -0.391717   0.517702   -121.804
  0.468765   0.883084 -0.0205371    33.1515
  -0.44913   0.258302   0.855314   -44.6848
         0          0          0          1

<-Total transform 89->iterations: 15, Init error: 5.0277, SBA error2.82798#
  0.756797  -0.393192   0.522166   -123.397
  0.472558   0.881038 -0.0214734    33.0092
 -0.451605   0.263005   0.852573   -44.8306
         0          0          0          1

<-Total transform 90->iterations: 8, Init error: 5.45467, SBA error3.07214#
   0.75194  -0.397442   0.525953   -125.725
  0.477913   0.878187 -0.0196463    32.9445
 -0.454077   0.266133   0.850287   -45.8242
         0          0          0          1

<-Total transform 91->iterations: 5, Init error: 5.91527, SBA error3.855#
  0.746511  -0.403134   0.529344   -127.878
   0.48412   0.874847 -0.0164744    32.4175
 -0.456453   0.268564   0.848247   -46.9719
         0          0          0          1

<-Total transform 92->iterations: 20, Init error: 5.03157, SBA error3.16839#
  0.739151  -0.409255   0.534945   -129.699
  0.492373   0.870263 -0.0145406    31.5261
 -0.459592    0.27414   0.844762    -47.949
         0          0          0          1

<-Total transform 93->iterations: 5, Init error: 4.2835, SBA error2.86271#
 0.731228 -0.415685  0.540844  -131.425
 0.500951   0.86539 -0.012166   30.8131
-0.462983  0.279832  0.841035  -49.1211
        0         0         0         1

<-Total transform 94->iterations: 6, Init error: 4.65384, SBA error3.59593#
   0.722036   -0.423643    0.546984    -132.623
   0.510679    0.859732 -0.00824392     30.2115
  -0.466767    0.285286    0.837103    -50.7367
          0           0           0           1

<-Total transform 95->iterations: 5, Init error: 4.33884, SBA error3.17527#
   0.712673   -0.431536    0.553058    -133.057
   0.520078     0.85411 -0.00373636     29.4281
  -0.470761    0.290296    0.833134    -52.7743
          0           0           0           1

<-Total transform 96->iterations: 5, Init error: 4.51459, SBA error3.44411#
   0.703106   -0.439192    0.559242     -133.62
    0.52946    0.848335 0.000564554     28.5814
  -0.474673    0.295699    0.829004    -53.8977
          0           0           0           1

<-Total transform 97->iterations: 5, Init error: 4.75095, SBA error3.59274#
  0.693706  -0.446259   0.565353   -134.331
  0.538859   0.842388 0.00373864    27.9364
 -0.477915   0.302052    0.82484   -55.0325
         0          0          0          1

<-Total transform 98->iterations: 6, Init error: 5.02857, SBA error3.91861#
  0.684297   -0.45288   0.571523   -135.527
  0.547244   0.836935 0.00796779    27.3676
 -0.481936    0.30731   0.820548   -56.6118
         0          0          0          1

<-Total transform 99->iterations: 5, Init error: 3.93687, SBA error3.15894#
 0.674799 -0.458982  0.577912  -137.008
  0.55387  0.832478 0.0144338   26.4305
-0.487724  0.310348  0.815972  -56.4944
        0         0         0         1

<-Total transform 100->iterations: 18, Init error: 4.98102, SBA error3.46495#
 0.662297  -0.46607  0.586636  -135.739
 0.561456  0.827178 0.0233062   24.9801
-0.496115  0.313935  0.809515  -57.0143
        0         0         0         1

<-Total transform 101->iterations: 1, Init error: 3.876, SBA error3.876#
 0.639763 -0.474938  0.604265  -137.459
 0.576752  0.816332 0.0309844   22.5746
-0.507997  0.328688   0.79618  -53.8052
        0         0         0         1

<-Total transform 102->iterations: 3, Init error: 14.2117, SBA error12.3731#
 0.619849 -0.487346  0.615046   -136.22
 0.591444  0.805252 0.0419963   24.3151
-0.515733  0.337734  0.787372  -56.2161
        0         0         0         1

<-Total transform 103->iterations: 3, Init error: 8.09645, SBA error4.70348#
 0.605557 -0.494345  0.623638  -140.065
 0.601296  0.797562 0.0483478    22.946
 -0.52129  0.345713  0.780217   -55.197
        0         0         0         1

<-Total transform 104->iterations: 4, Init error: 5.99911, SBA error4.15852#
 0.597379 -0.497166  0.629257  -142.384
 0.607185   0.79298 0.0500961   22.4743
-0.523894  0.352149  0.775581  -54.9363
        0         0         0         1

<-Total transform 105->iterations: 2, Init error: 8.02498, SBA error6.71948#
 0.588825  -0.49917    0.6357  -144.036
 0.612924  0.788468  0.051399   21.8773
-0.526886  0.359371  0.770223  -53.9486
        0         0         0         1

<-Total transform 106->iterations: 2, Init error: 8.95328, SBA error7.40886#
 0.580926 -0.501275  0.641286  -145.974
  0.61757  0.784667 0.0539095    21.208
-0.530219  0.364721  0.765406  -52.8425
        0         0         0         1

<-Total transform 107->iterations: 2, Init error: 8.75144, SBA error7.07372#
  0.57299  -0.50368  0.646521  -147.719
 0.621557  0.781236 0.0577666   20.4026
-0.534182   0.36875  0.760706   -51.639
        0         0         0         1

<-Total transform 108->iterations: 3, Init error: 6.26336, SBA error4.52637#
 0.563954 -0.505272   0.65319   -150.04
 0.626227  0.777283 0.0605882   19.7711
-0.538327  0.374876  0.754766  -50.6406
        0         0         0         1

<-Total transform 109->iterations: 3, Init error: 6.35821, SBA error5.17807#
 0.554587 -0.506027  0.660583  -151.838
 0.630842  0.773365 0.0628035    19.215
-0.542653  0.381894  0.748121  -49.1927
        0         0         0         1

<-Total transform 110->iterations: 11, Init error: 7.11125, SBA error5.23707#
 0.546402  -0.50677  0.666805  -153.076
 0.633992  0.770512 0.0660732   19.5129
-0.547265  0.386646  0.742298  -50.0325
        0         0         0         1

<-Total transform 111->iterations: 8, Init error: 4.62804, SBA error2.57832#
  0.53942 -0.506933  0.672343  -153.957
 0.636844  0.767979  0.068102   19.2902
-0.550869  0.391442    0.7371  -49.5695
        0         0         0         1

<-Total transform 112->iterations: 8, Init error: 5.32708, SBA error3.06326#
 0.531123  -0.50679  0.679023  -154.922
 0.640791  0.764571 0.0694213   19.1706
-0.554343   0.39824  0.730827   -48.878
        0         0         0         1

<-Total transform 113->iterations: 11, Init error: 6.09104, SBA error3.26144#
  0.52364  -0.50783   0.68404  -156.673
 0.643423  0.762007 0.0731651   19.2986
-0.558398  0.401815  0.725766  -49.1785
        0         0         0         1

<-Total transform 114->iterations: 2, Init error: 265.385, SBA error209.36#
 0.514656 -0.509722  0.689429  -152.743
  0.64738  0.758235 0.0773259   33.9511
-0.562164  0.406526  0.720214   -21.163
        0         0         0         1

<-Total transform 115->iterations: 6, Init error: 4.75437, SBA error2.97452#
 0.505203 -0.512116  0.694627  -153.974
 0.653236  0.752917 0.0799915   33.3758
-0.563962  0.413343  0.714909  -20.2959
        0         0         0         1

<-Total transform 116->iterations: 5, Init error: 5.88233, SBA error3.95703#
 0.496826 -0.515216  0.698366  -156.214
 0.658167  0.748199 0.0837514   32.7503
-0.565667  0.418032  0.710823  -20.1958
        0         0         0         1

<-Total transform 117->iterations: 5, Init error: 6.6286, SBA error3.78341#
 0.487126 -0.519309  0.702158  -158.702
 0.663292  0.743007 0.0893585   31.8306
-0.568113  0.422207  0.706391  -19.4124
        0         0         0         1

<-Total transform 118->iterations: 4, Init error: 5.7476, SBA error3.30621#
 0.476511 -0.524757  0.705385  -160.811
 0.668253   0.73755 0.0972583   30.4136
-0.571293  0.425031   0.70212  -19.0125
        0         0         0         1

<-Total transform 119->iterations: 16, Init error: 6.19643, SBA error4.82804#
 0.466764 -0.530426  0.707658  -162.139
 0.671315  0.733416  0.106941   28.7329
-0.575732  0.425145  0.698415  -18.6731
        0         0         0         1

<-Total transform 120->iterations: 22, Init error: 13.4274, SBA error11.8457#
 0.455547 -0.534551  0.711851   -163.56
 0.673298  0.730006  0.117309   26.9847
-0.582363  0.425848  0.692464  -17.5525
        0         0         0         1

<-Total transform 121->iterations: 32, Init error: 13.1166, SBA error12.9585#
  0.44747 -0.535735  0.716071  -164.318
 0.673461  0.728692  0.124334   25.9603
-0.588405   0.42661  0.686864  -16.4435
        0         0         0         1

<-Total transform 122->iterations: 1, Init error: 12.2174, SBA error12.2174#
 0.440724 -0.536184  0.719909  -164.533
 0.672388  0.728521  0.130966   25.1592
 -0.59469  0.426338    0.6816  -15.5174
        0         0         0         1

<-Total transform 123->iterations: 17, Init error: 12.1327, SBA error12.1055#
 0.433847 -0.534585  0.725256  -164.158
 0.672208  0.728039  0.134522   24.6688
-0.599928  0.429161   0.67521  -14.2595
        0         0         0         1

<-Total transform 124->iterations: 14, Init error: 7.16899, SBA error6.39851#
 0.430765 -0.532323  0.728748  -164.108
 0.672812  0.727615  0.133795   24.6894
 -0.60147  0.432676  0.671584  -13.5668
        0         0         0         1

<-Total transform 125->iterations: 30, Init error: 10.4918, SBA error9.24047#
 0.425331 -0.529669  0.733856  -164.416
 0.671848  0.728076  0.136105   24.4809
-0.606394   0.43515  0.665531  -12.4561
        0         0         0         1

<-Total transform 126->iterations: 29, Init error: 6.09386, SBA error5.61877#
 0.418432 -0.529323  0.738059  -165.321
 0.670974  0.727836  0.141593    23.789
-0.612134  0.435972  0.659712   -11.129
        0         0         0         1

<-Total transform 127->iterations: 1, Init error: 7.56484, SBA error7.56484#
 0.409386 -0.530659  0.742162  -165.551
 0.671959  0.725615  0.148166   22.6931
 -0.61715  0.438046  0.653638  -9.92364
        0         0         0         1

<-Total transform 128->iterations: 1, Init error: 8.8431, SBA error8.8431#
 0.400799 -0.533456  0.744839   -165.77
 0.675643  0.721188  0.152952   21.4765
-0.618762  0.441943  0.649477  -8.93504
        0         0         0         1

<-Total transform 129->iterations: 41, Init error: 5.92931, SBA error5.9155#
 0.391509 -0.538033  0.746486  -165.863
 0.680665  0.715238  0.158523   19.9462
-0.619206  0.446043  0.646243  -8.12199
        0         0         0         1

<-Total transform 130->iterations: 36, Init error: 5.17676, SBA error4.34258#
 0.382251 -0.543672  0.747198  -165.892
 0.686128  0.708617  0.164592   18.3027
-0.618962  0.449758  0.643898  -8.29123
        0         0         0         1

<-Total transform 131->iterations: 15, Init error: 6.34558, SBA error3.78545#
 0.371078 -0.549672   0.74844   -167.51
 0.692746  0.700598  0.171071   16.4638
-0.618388  0.454998   0.64076  -8.69538
        0         0         0         1

<-Total transform 132->iterations: 19, Init error: 5.95344, SBA error3.50838#
 0.359318 -0.554242  0.750804  -169.436
 0.698965  0.692908  0.176994   14.8284
-0.618335  0.461189   0.63637   -8.7545
        0         0         0         1

<-Total transform 133->iterations: 5, Init error: 4.89105, SBA error2.94483#
  0.34901 -0.558003  0.752878  -170.673
 0.705109  0.685548  0.181236   13.6765
-0.617263  0.467608  0.632716  -8.90222
        0         0         0         1

<-Total transform 134->iterations: 6, Init error: 5.6987, SBA error3.41319#
 0.339895 -0.562571  0.753648  -172.406
 0.712197  0.677327    0.1844    12.847
-0.614204   0.47407  0.630882  -10.4494
        0         0         0         1

<-Total transform 135->iterations: 5, Init error: 8.0046, SBA error3.17866#
 0.333291 -0.567895  0.752604  -174.503
 0.717981  0.670251  0.187796   11.9456
-0.611082  0.477764  0.631126  -11.8565
        0         0         0         1

<-Total transform 136->iterations: 6, Init error: 8.50813, SBA error4.85633#
  0.32953 -0.572259  0.750953  -179.272
  0.72174  0.665461  0.190399   10.9867
-0.608688   0.47925  0.632312  -11.4745
        0         0         0         1

<-Total transform 137->iterations: 6, Init error: 12.6472, SBA error2.97751#
 0.325952 -0.573098  0.751874  -182.557
 0.725576  0.661491  0.189655   10.6896
-0.606049  0.483723   0.63144  -11.7123
        0         0         0         1

<-Total transform 138->iterations: 4, Init error: 13.6828, SBA error5.85068#
 0.321178 -0.571002  0.755514  -187.202
 0.728497  0.658707  0.188144   10.2252
-0.605093  0.489961  0.627535  -12.5758
        0         0         0         1

<-Total transform 139->iterations: 3, Init error: 7.26653, SBA error4.19485#
 0.313764  -0.56935  0.759864  -189.755
 0.730707  0.655816  0.189664   12.0179
-0.606316  0.495728  0.621799  -12.8457
        0         0         0         1

<-Total transform 140->iterations: 2, Init error: 48.7287, SBA error46.9581#
 0.305552 -0.569618  0.763003  -188.445
 0.733652  0.651636   0.19268   10.9688
-0.606954  0.500905   0.61701  -6.33876
        0         0         0         1

<-Total transform 141->iterations: 7, Init error: 4.87384, SBA error2.17554#
 0.300069 -0.570723  0.764352  -188.012
  0.73723  0.647235  0.193853   10.6469
-0.605352  0.505334  0.614969  -7.67247
        0         0         0         1

<-Total transform 142->iterations: 11, Init error: 6.70611, SBA error3.07765#
 0.294468 -0.572296  0.765353  -189.131
  0.74064  0.642777  0.195679   10.4959
-0.603938   0.50923  0.613143  -9.41099
        0         0         0         1

<-Total transform 143->iterations: 28, Init error: 7.82616, SBA error6.53511#
 0.289064 -0.574076   0.76608  -190.487
 0.743995  0.638301  0.197592   13.4821
-0.602422  0.512843   0.61162  -11.0868
        0         0         0         1

<-Total transform 144->iterations: 26, Init error: 6.38511, SBA error5.57133#
 0.284041 -0.575466  0.766915  -191.983
  0.74687  0.634372  0.199394   15.3746
-0.601254   0.51615  0.609986  -12.6526
        0         0         0         1

<-Total transform 145->iterations: 6, Init error: 8.23587, SBA error6.46776#
  0.27854 -0.574896  0.769357  -193.702
  0.74957  0.630955    0.2001   16.8626
-0.600467  0.520951  0.606671  -14.4872
        0         0         0         1

<-Total transform 146->iterations: 8, Init error: 5.81568, SBA error4.95664#
 0.271596  -0.57231  0.773755  -194.698
 0.750969  0.628836  0.201523   17.8098
-0.601898  0.526333  0.600576  -15.1963
        0         0         0         1

<-Total transform 147->iterations: 4, Init error: 4.72001, SBA error4.63243#
 0.264122 -0.569722  0.778239  -195.296
 0.752279  0.626649  0.203437   17.2268
-0.603586  0.531721  0.594102  -13.4636
        0         0         0         1

<-Total transform 148->iterations: 19, Init error: 4.66, SBA error2.58712#
 0.259161 -0.568714  0.780641  -195.278
 0.755896  0.622555  0.202598   16.8761
-0.601212  0.537578  0.591231  -13.9364
        0         0         0         1

<-Total transform 149->iterations: 2, Init error: 5.29835, SBA error5.21418#
 0.256449 -0.568024  0.782038  -195.355
 0.758637  0.619638  0.201292   17.5886
-0.598919  0.541662  0.589829  -14.8093
        0         0         0         1

<-Total transform 150->iterations: 2, Init error: 7.47072, SBA error6.98538#
 0.252949 -0.567511  0.783548  -196.478
 0.760925  0.616874  0.201146   18.2176
-0.597504  0.545342  0.587871  -15.7241
        0         0         0         1

<-Total transform 151->iterations: 17, Init error: 8.03116, SBA error2.77937#
 0.247745 -0.567787   0.78501  -199.796
 0.762672  0.613976  0.203386   17.6224
-0.597457  0.548317  0.585144   -15.829
        0         0         0         1

<-Total transform 152->iterations: 27, Init error: 6.66595, SBA error3.55207#
 0.240087 -0.568927  0.786562   -202.33
 0.765002  0.609689  0.207487   16.4514
-0.597604  0.551907  0.581609  -15.5314
        0         0         0         1

<-Total transform 153->iterations: 31, Init error: 4.81967, SBA error3.79984#
 0.231224 -0.571194  0.787574  -202.982
 0.768569  0.603582  0.212109   14.8839
-0.596521  0.556261  0.578564  -14.8452
        0         0         0         1

<-Total transform 154->iterations: 31, Init error: 6.39612, SBA error4.8606#
 0.225135 -0.572699  0.788245  -203.469
 0.771377  0.599001  0.214886   13.8649
-0.595224  0.559655  0.576623  -14.8246
        0         0         0         1

<-Total transform 155->iterations: 32, Init error: 5.686, SBA error3.34709#
 0.219824 -0.573962  0.788825  -204.918
 0.773987  0.594817  0.217109   13.0032
-0.593819  0.562814  0.574995  -15.7943
        0         0         0         1

<-Total transform 156->iterations: 22, Init error: 5.54829, SBA error2.92072#
 0.214202 -0.575771  0.789053  -206.572
 0.776959  0.590006  0.219608   12.0336
 -0.59199  0.566021  0.573731  -16.9606
        0         0         0         1

<-Total transform 157->iterations: 24, Init error: 6.09769, SBA error2.89534#
 0.209264 -0.577848   0.78886  -208.668
 0.780311  0.584878  0.221432   11.1366
-0.589341  0.569219  0.573295  -17.6462
        0         0         0         1

<-Total transform 158->iterations: 31, Init error: 6.85208, SBA error2.68993#
 0.206852 -0.579853  0.788025  -211.096
 0.782125    0.5819  0.222876   10.5498
-0.587787  0.570231  0.573884  -19.0615
        0         0         0         1

<-Total transform 159->iterations: 36, Init error: 9.94837, SBA error3.92778#
 0.207374 -0.582464  0.785959  -214.067
 0.782306  0.581126  0.224254   10.2154
-0.587361  0.568356  0.576175  -21.1167
        0         0         0         1

<-Total transform 160->iterations: 18, Init error: 14.6616, SBA error7.25327#
 0.208794 -0.583571  0.784761  -216.052
 0.781992  0.581505  0.224367   10.2497
-0.587276   0.56683  0.577763  -21.9957
        0         0         0         1

<-Total transform 161->iterations: 94, Init error: 13.1384, SBA error7.69306#
 0.207544 -0.582705  0.785736  -220.356
  0.78192  0.581477  0.224689   10.1799
-0.587815   0.56775  0.576311  -22.2975
        0         0         0         1

<-Total transform 162->iterations: 36, Init error: 9.7518, SBA error6.72943#
 0.202813  -0.58161   0.78778  -222.549
