<-Total transform 17->iterations: 2, Init error: 187.537, SBA error143.077#
   0.999999 -0.00054806  0.00147712     25.4547
0.000550215    0.999999 -0.00145918     8.83867
-0.00147632  0.00145999    0.999998    -39.7225
          0           0           0           1

<-Total transform 33->iterations: 4, Init error: 469.014, SBA error187.82#
    0.999998   0.00010443   0.00208292      88.4929
-0.000100932     0.999999  -0.00167927     -14.8139
 -0.00208309   0.00167905     0.999996     -151.751
           0            0            0            1

<-Total transform 49->iterations: 3, Init error: 36.3806, SBA error16.472#
     0.999996  5.50538e-005    0.00278198       68.8522
-5.09885e-005      0.999999   -0.00146137      -14.6403
  -0.00278206    0.00146122      0.999995      -178.334
            0             0             0             1

<-Total transform 65->iterations: 17, Init error: 190.774, SBA error141.047#
   0.999988 0.000306154  0.00488023     36.9606
-0.00029168    0.999996  -0.0029664    -11.9287
-0.00488112  0.00296494    0.999984    -264.152
          0           0           0           1

<-Total transform 81->iterations: 21, Init error: 142.426, SBA error118.187#
    0.999936  0.000551619     0.011301      6.49845
-0.000513384     0.999994   -0.0033859     -9.06432
  -0.0113028   0.00337989      0.99993     -288.081
           0            0            0            1

<-Total transform 97->iterations: 2, Init error: 26.4597, SBA error25.3312#
    0.999906  0.000471537     0.013669      11.3723
-0.000427343     0.999995  -0.00323586     -8.52374
  -0.0136705   0.00322972     0.999901     -306.868
           0            0            0            1

<-Total transform 113->iterations: 24, Init error: 487.106, SBA error238.2#
    0.99984  0.00175185    0.017812      84.306
-0.00168838    0.999992 -0.00357807    -78.7151
 -0.0178181  0.00354742    0.999835    -305.499
          0           0           0           1

<-Total transform 129->iterations: 3, Init error: 53.1632, SBA error44.0272#
   0.999728  0.00257429   0.0231839     67.5949
-0.00251007    0.999993 -0.00279859     -82.991
 -0.0231909  0.00273964    0.999727    -366.457
          0           0           0           1

<-Total transform 145->iterations: 2, Init error: 73.215, SBA error30.0605#
    0.999622  0.000888762    0.0274631      83.5894
-0.000818752     0.999996   -0.0025604     -72.3283
  -0.0274653   0.00253695      0.99962     -454.704
           0            0            0            1

<-Total transform 161->iterations: 10, Init error: 226.386, SBA error125.029#
    0.999493 -0.000414225     0.031821      44.8573
 0.000546132     0.999991  -0.00413673     -66.1534
   -0.031819   0.00415201     0.999485     -425.486
           0            0            0            1

<-Total transform 177->iterations: 6, Init error: 119.537, SBA error82.7711#
    0.999399  0.000111973    0.0346586      74.7453
6.02154e-005     0.999988  -0.00496705     -69.0652
  -0.0346587   0.00496615     0.999387     -442.429
           0            0            0            1

<-Total transform 193->iterations: 3, Init error: 337.584, SBA error171.359#
    0.999285  0.000868602    0.0377868      102.553
-0.000640119     0.999981  -0.00605832     -80.2316
  -0.0377914    0.0060298     0.999267     -568.885
           0            0            0            1

<-Total transform 209->iterations: 3, Init error: 826.815, SBA error210.167#
  0.999085 0.00177629   0.042735   -14.8313
-0.0014271   0.999965 -0.0082002   -76.6698
-0.0427481 0.00813171   0.999053   -606.029
         0          0          0          1

<-Total transform 225->iterations: 15, Init error: 1171.84, SBA error1136.25#
     0.998842   0.000508281     0.0480995      -41.4708
-4.68612e-005      0.999954   -0.00959367      -82.5577
   -0.0481021    0.00958031      0.998796      -658.318
            0             0             0             1

<-Total transform 241->iterations: 6, Init error: 80.9752, SBA error30.5953#
   0.998328 0.000239493   0.0577975    -56.8966
0.000387611    0.999941  -0.0108386    -80.3975
 -0.0577967   0.0108428    0.998269    -737.294
          0           0           0           1

<-Total transform 257->iterations: 24, Init error: 167.956, SBA error100.36#
   0.997852 -0.00114557   0.0655021    -88.0089
 0.00194959    0.999924  -0.0122121    -76.6798
 -0.0654831   0.0123136    0.997778    -794.561
          0           0           0           1

<-Total transform 273->iterations: 1, Init error: 231.622, SBA error231.622#
   0.997162 -0.00502039   0.0751147    -95.3167
 0.00601262    0.999898  -0.0129892    -76.2038
 -0.0750418    0.013404     0.99709    -793.764
          0           0           0           1

<-Total transform 289->iterations: 15, Init error: 3572.86, SBA error2337.22#
   0.996642 -0.00600563   0.0816592    -215.126
   0.007027    0.999901  -0.0122262    -102.028
 -0.0815776   0.0127589    0.996585    -868.759
          0           0           0           1

<-Total transform 305->iterations: 17, Init error: 79.2959, SBA error72.1773#
   0.996078 -0.00628912   0.0882512    -234.773
 0.00745488    0.999889  -0.0128862    -102.352
 -0.0881604   0.0134935    0.996015    -881.073
          0           0           0           1

<-Total transform 321->iterations: 2, Init error: 331.238, SBA error307.89#
  0.995422 -0.0082642  0.0952238   -219.599
0.00968132   0.999849 -0.0144296   -90.6966
-0.0950902  0.0152854   0.995351   -908.906
         0          0          0          1

<-Total transform 337->iterations: 3, Init error: 261.25, SBA error157.611#
  0.994618 -0.0098415   0.103137   -252.377
 0.0115038   0.999813 -0.0155353   -97.9374
 -0.102965  0.0166381   0.994546   -870.038
         0          0          0          1

<-Total transform 353->iterations: 24, Init error: 953.777, SBA error428.967#
  0.993733 -0.0109316    0.11124    -323.46
  0.012883   0.999775 -0.0168391   -127.368
 -0.111031  0.0181667   0.993651   -846.023
         0          0          0          1

<-Total transform 369->iterations: 2, Init error: 847.018, SBA error808.761#
  0.992946 -0.0121378   0.117946   -374.518
 0.0143601   0.999735 -0.0180097   -160.757
 -0.117696  0.0195764   0.992857   -845.545
         0          0          0          1

<-Total transform 385->iterations: 2, Init error: 559.632, SBA error501.794#
  0.992174 -0.0138684   0.124092   -336.882
 0.0164319   0.999672  -0.019658   -160.894
 -0.123779  0.0215432   0.992076    -796.42
         0          0          0          1

<-Total transform 401->iterations: 46, Init error: 693.673, SBA error568.304#
  0.990943 -0.0152566   0.133416   -372.428
 0.0184354   0.999574 -0.0226233   -164.573
 -0.133014   0.024878   0.990802   -745.508
         0          0          0          1

<-Total transform 417->iterations: 24, Init error: 278.097, SBA error273.564#
  0.990577 -0.0176052   0.135824   -373.438
 0.0208335   0.999532 -0.0223833   -165.619
 -0.135366   0.025002    0.99048   -745.853
         0          0          0          1

<-Total transform 433->iterations: 7, Init error: 238.069, SBA error211.437#
  0.990161 -0.0189479   0.138647   -372.375
 0.0222405   0.999505 -0.0222369   -158.311
 -0.138157  0.0251017   0.990092   -714.742
         0          0          0          1

<-Total transform 449->iterations: 4, Init error: 1357.97, SBA error725.388#
  0.989965 -0.0164991   0.140343   -200.935
  0.020203   0.999483 -0.0250076   -151.871
 -0.139858   0.027592   0.989787   -600.125
         0          0          0          1

<-Total transform 465->iterations: 23, Init error: 464.298, SBA error17.0883#
   0.98949 -0.0143393   0.143885   -270.493
 0.0183632   0.999475 -0.0266771   -143.587
 -0.143427  0.0290389   0.989235   -565.675
         0          0          0          1

