<-Total transform 3->iterations: 2, Init error: 8.95609, SBA error7.77815#
   0.999999 -0.00054806  0.00147712     1.32568
0.000550215    0.999999 -0.00145918     1.42255
-0.00147632  0.00145999    0.999998    -7.01628
          0           0           0           1

<-Total transform 5->iterations: 28, Init error: 11.2352, SBA error7.52964#
    0.999998   0.00010443   0.00208292       5.4912
-0.000100932     0.999999  -0.00167927     -2.08314
 -0.00208309   0.00167905     0.999996    -0.766305
           0            0            0            1

<-Total transform 7->iterations: 2, Init error: 11.9994, SBA error9.34125#
     0.999996  5.50538e-005    0.00278198       10.0208
-5.09885e-005      0.999999   -0.00146137      -1.75366
  -0.00278206    0.00146122      0.999995      -13.8234
            0             0             0             1

<-Total transform 9->iterations: 2, Init error: 8.3408, SBA error6.74227#
   0.999988 0.000306154  0.00488023     14.8727
-0.00029168    0.999996  -0.0029664    -2.93791
-0.00488112  0.00296494    0.999984    -27.1967
          0           0           0           1

<-Total transform 11->iterations: 11, Init error: 9.78317, SBA error5.09479#
    0.999936  0.000551619     0.011301      25.0495
-0.000513384     0.999994   -0.0033859     -3.99576
  -0.0113028   0.00337989      0.99993     -42.7637
           0            0            0            1

<-Total transform 13->iterations: 51, Init error: 11.381, SBA error5.83403#
    0.999906  0.000471537     0.013669      29.2165
-0.000427343     0.999995  -0.00323586     -1.97757
  -0.0136705   0.00322972     0.999901     -29.0861
           0            0            0            1

<-Total transform 15->iterations: 3, Init error: 30.9744, SBA error24.0014#
    0.99984  0.00175185    0.017812     35.3138
-0.00168838    0.999992 -0.00357807    -9.14091
 -0.0178181  0.00354742    0.999835    -1.89565
          0           0           0           1

<-Total transform 17->iterations: 24, Init error: 1174.51, SBA error584.236#
   0.999728  0.00257429   0.0231839     50.1504
-0.00251007    0.999993 -0.00279859    -10.7784
 -0.0231909  0.00273964    0.999727     3.54561
          0           0           0           1

<-Total transform 19->iterations: 27, Init error: 1167.22, SBA error782.597#
    0.999622  0.000888762    0.0274631      55.4434
-0.000818752     0.999996   -0.0025604      1.35631
  -0.0274653   0.00253695      0.99962      15.3045
           0            0            0            1

<-Total transform 21->iterations: 2, Init error: 22.1921, SBA error21.7049#
    0.999493 -0.000414225     0.031821      63.9612
 0.000546132     0.999991  -0.00413673      9.19396
   -0.031819   0.00415201     0.999485     -9.70592
           0            0            0            1

<-Total transform 23->iterations: 2, Init error: 12.5293, SBA error7.72595#
    0.999399  0.000111973    0.0346586      68.7762
6.02154e-005     0.999988  -0.00496705      6.65797
  -0.0346587   0.00496615     0.999387     -25.1844
           0            0            0            1

<-Total transform 25->iterations: 8, Init error: 29.0093, SBA error10.8515#
    0.999285  0.000868602    0.0377868      91.1103
-0.000640119     0.999981  -0.00605832       11.493
  -0.0377914    0.0060298     0.999267      4.82777
           0            0            0            1

<-Total transform 27->iterations: 4, Init error: 54.6916, SBA error29.5355#
  0.999085 0.00177629   0.042735    117.354
-0.0014271   0.999965 -0.0082002   -5.86398
-0.0427481 0.00813171   0.999053    31.9266
         0          0          0          1

<-Total transform 29->iterations: 8, Init error: 32.4252, SBA error19.4394#
     0.998842   0.000508281     0.0480995       122.281
-4.68612e-005      0.999954   -0.00959367      0.341054
   -0.0481021    0.00958031      0.998796       60.6702
            0             0             0             1

<-Total transform 31->iterations: 20, Init error: 195.653, SBA error105.661#
   0.998328 0.000239493   0.0577975     128.143
0.000387611    0.999941  -0.0108386   -0.142482
 -0.0577967   0.0108428    0.998269     92.6052
          0           0           0           1

<-Total transform 33->iterations: 36, Init error: 68.0122, SBA error43.3778#
   0.997852 -0.00114557   0.0655021     132.593
 0.00194959    0.999924  -0.0122121     4.41973
 -0.0654831   0.0123136    0.997778     120.734
          0           0           0           1

<-Total transform 35->iterations: 6, Init error: 19.687, SBA error14.7341#
   0.997162 -0.00502039   0.0751147     133.382
 0.00601262    0.999898  -0.0129892     10.1102
 -0.0750418    0.013404     0.99709     151.232
          0           0           0           1

<-Total transform 37->iterations: 44, Init error: 28.5411, SBA error20.8031#
   0.996642 -0.00600563   0.0816592     137.897
   0.007027    0.999901  -0.0122262     15.2478
 -0.0815776   0.0127589    0.996585     177.999
          0           0           0           1

<-Total transform 39->iterations: 16, Init error: 41.9902, SBA error25.3155#
   0.996078 -0.00628912   0.0882512     146.767
 0.00745488    0.999889  -0.0128862     15.8815
 -0.0881604   0.0134935    0.996015     205.313
          0           0           0           1

<-Total transform 41->iterations: 39, Init error: 36.4739, SBA error26.1773#
  0.995422 -0.0082642  0.0952238    147.082
0.00968132   0.999849 -0.0144296    19.6915
-0.0950902  0.0152854   0.995351    232.487
         0          0          0          1

<-Total transform 43->iterations: 48, Init error: 248.023, SBA error146.942#
  0.994618 -0.0098415   0.103137    150.417
 0.0115038   0.999813 -0.0155353    21.4073
 -0.102965  0.0166381   0.994546    264.796
         0          0          0          1

<-Total transform 45->iterations: 24, Init error: 290.177, SBA error144.1#
  0.993733 -0.0109316    0.11124    161.768
  0.012883   0.999775 -0.0168391    23.4675
 -0.111031  0.0181667   0.993651    279.383
         0          0          0          1

<-Total transform 47->iterations: 28, Init error: 21.2644, SBA error15.5352#
  0.992946 -0.0121378   0.117946    159.944
 0.0143601   0.999735 -0.0180097    26.7546
 -0.117696  0.0195764   0.992857    301.986
         0          0          0          1

<-Total transform 49->iterations: 4, Init error: 40.032, SBA error29.4812#
  0.992174 -0.0138684   0.124092    153.366
 0.0164319   0.999672  -0.019658    33.4507
 -0.123779  0.0215432   0.992076    334.099
         0          0          0          1

<-Total transform 51->iterations: 81, Init error: 121.949, SBA error64.7747#
  0.990943 -0.0152566   0.133416    153.728
 0.0184354   0.999574 -0.0226233    30.8966
 -0.133014   0.024878   0.990802    369.791
         0          0          0          1

<-Total transform 53->iterations: 18, Init error: 2090.03, SBA error793.91#
  0.990577 -0.0176052   0.135824    164.625
 0.0208335   0.999532 -0.0223833    36.3831
 -0.135366   0.025002    0.99048    373.079
         0          0          0          1

<-Total transform 55->iterations: 24, Init error: 34.5708, SBA error29.2174#
  0.990161 -0.0189479   0.138647    168.394
 0.0222405   0.999505 -0.0222369    37.8165
 -0.138157  0.0251017   0.990092    401.707
         0          0          0          1

<-Total transform 57->iterations: 15, Init error: 24.5586, SBA error12.5178#
  0.989965 -0.0164991   0.140343    162.536
  0.020203   0.999483 -0.0250076    41.3435
 -0.139858   0.027592   0.989787    342.711
         0          0          0          1

<-Total transform 59->iterations: 28, Init error: 953.349, SBA error370.455#
   0.98949 -0.0143393   0.143885    162.573
 0.0183632   0.999475 -0.0266771     39.815
 -0.143427  0.0290389   0.989235    329.124
         0          0          0          1

<-Total transform 61->iterations: 17, Init error: 33.1723, SBA error26.6974#
  0.988909 -0.0142773   0.147833    166.951
 0.0183532   0.999487 -0.0262438    40.8014
 -0.147382  0.0286659   0.988664    352.806
         0          0          0          1

<-Total transform 63->iterations: 7, Init error: 29.5828, SBA error21.1496#
  0.988542 -0.0127739   0.150404    175.253
 0.0170515   0.999485 -0.0271855    50.1968
 -0.149979  0.0294386   0.988251    374.627
         0          0          0          1

<-Total transform 65->iterations: 49, Init error: 73.7992, SBA error52.2675#
  0.988182   -0.01134   0.152864    182.442
 0.0157502   0.999493 -0.0276701    41.4404
 -0.152473  0.0297508    0.98786     402.12
         0          0          0          1

<-Total transform 67->iterations: 34, Init error: 113.835, SBA error74.9176#
  0.988146 -0.0113477   0.153097     185.43
 0.0157489   0.999496 -0.0275657    41.7385
 -0.152707    0.02965   0.987827      428.4
         0          0          0          1

<-Total transform 69->iterations: 150, Init error: 252.789, SBA error130.443#
  0.987754  -0.010016   0.155699    190.812
 0.0145222   0.999507 -0.0278311    39.0215
 -0.155343  0.0297514   0.987412    453.015
         0          0          0          1

<-Total transform 71->iterations: 41, Init error: 25.2092, SBA error18.0673#
   0.987233 -0.00980212    0.158983     186.683
  0.0144421    0.999502   -0.028056     38.9463
  -0.158629   0.0299939    0.986883     486.982
          0           0           0           1

<-Total transform 73->iterations: 21, Init error: 11.721, SBA error8.45768#
  0.986628 -0.0100779   0.162675    181.177
 0.0148722   0.999489 -0.0282805     38.932
 -0.162307  0.0303217   0.986274    489.131
         0          0          0          1

<-Total transform 75->iterations: 24, Init error: 8.42345, SBA error7.24793#
   0.986092 -0.00994951    0.165903      181.14
  0.0148874    0.999482   -0.028547     38.7971
  -0.165533   0.0306198    0.985729     488.159
          0           0           0           1

<-Total transform 77->iterations: 18, Init error: 471.852, SBA error220.564#
  0.985996 -0.0104779   0.166441    192.635
 0.0153551   0.999489 -0.0280433    40.1657
 -0.166062  0.0302063   0.985653    483.509
         0          0          0          1

<-Total transform 79->iterations: 24, Init error: 53.8804, SBA error33.5514#
   0.985934 -0.00824819    0.166929     204.755
  0.0133609    0.999475   -0.029528     40.1706
  -0.166598    0.031343    0.985527     512.912
          0           0           0           1

<-Total transform 81->iterations: 4, Init error: 44.3579, SBA error29.2505#
   0.985865 -0.00673279    0.167404     209.176
  0.0120203     0.99946   -0.030592     31.0342
  -0.167107   0.0321718    0.985414     535.757
          0           0           0           1

<-Total transform 83->iterations: 25, Init error: 41.1548, SBA error25.5945#
 0.985826 -0.006852  0.167631   212.878
0.0121738  0.999453  -0.03074   31.2195
-0.167329  0.032345   0.98537   563.601
        0         0         0         1

<-Total transform 85->iterations: 23, Init error: 5326.12, SBA error680.681#
   0.985551 -0.00698841    0.169232     230.943
  0.0124682    0.999431  -0.0313394      32.526
  -0.168917   0.0329967    0.985078     565.894
          0           0           0           1

<-Total transform 87->iterations: 5, Init error: 164.655, SBA error106.019#
   0.985092 -0.00618573    0.171918     247.536
  0.0119505      0.9994  -0.0325172     22.5263
  -0.171613    0.034087    0.984574     591.398
          0           0           0           1

<-Total transform 89->iterations: 9, Init error: 115.355, SBA error75.8081#
   0.984908 -0.00666561    0.172953     259.736
  0.0125659    0.999375  -0.0330428     22.8899
  -0.172625   0.0347174    0.984376     612.994
          0           0           0           1

<-Total transform 91->iterations: 78, Init error: 70.675, SBA error42.6096#
  0.984834  -0.007087   0.173354    260.105
 0.0131283   0.999345 -0.0337278    22.5728
 -0.173002  0.0354921   0.984282    647.095
         0          0          0          1

<-Total transform 93->iterations: 7, Init error: 85.8619, SBA error53.448#
   0.984506 -0.00680504    0.175218     275.715
  0.0132981    0.999267    -0.03591     12.1695
  -0.174845   0.0376836    0.983875     677.927
          0           0           0           1

<-Total transform 95->iterations: 22, Init error: 16.0979, SBA error11.8953#
  0.984157 -0.0069214   0.177164    278.627
 0.0138994   0.999174 -0.0381764    9.58557
 -0.176754   0.040034   0.983441    699.731
         0          0          0          1

<-Total transform 97->iterations: 2, Init error: 21.4353, SBA error19.4072#
   0.984109 -0.00770909    0.177396     279.508
  0.0147325    0.999157  -0.0383087     15.2686
  -0.176951   0.0403134    0.983394     710.529
          0           0           0           1

<-Total transform 99->iterations: 19, Init error: 39.7599, SBA error31.1306#
  0.983936 -0.0072477   0.178375    289.906
 0.0147265   0.999065 -0.0406393    10.2492
 -0.177914  0.0426133   0.983123    725.228
         0          0          0          1

<-Total transform 101->iterations: 8, Init error: 114.769, SBA error58.5688#
   0.984379 -0.00686561    0.175929     306.788
  0.0140732     0.99911  -0.0397541     10.3342
  -0.175499    0.041609      0.9836     740.252
          0           0           0           1

<-Total transform 103->iterations: 32, Init error: 8.48782, SBA error8.21035#
   0.983706 -0.00565235    0.179694     315.326
  0.0130029    0.999125  -0.0397546     7.50765
  -0.179312   0.0414434    0.982919     739.539
          0           0           0           1

<-Total transform 105->iterations: 4, Init error: 52.9403, SBA error36.423#
   0.983129 -0.00917771    0.182686     328.205
  0.0161879    0.999187   -0.036919     16.9149
  -0.182198   0.0392535    0.982478     763.572
          0           0           0           1

<-Total transform 107->iterations: 53, Init error: 1109.18, SBA error196.131#
   0.982734 -0.00942064    0.184786     343.469
  0.0162803    0.999232  -0.0356403     18.7928
  -0.184308   0.0380333    0.982132     774.011
          0           0           0           1

<-Total transform 109->iterations: 2, Init error: 285.806, SBA error219.444#
  0.982567 -0.0122167   0.185506    343.675
 0.0184134   0.999327 -0.0317181    36.5097
 -0.184993   0.034581   0.982131    792.205
         0          0          0          1

<-Total transform 111->iterations: 24, Init error: 10800, SBA error673.059#
  0.982746 -0.0153507   0.184322    351.729
 0.0206998   0.999418 -0.0271314    53.7185
 -0.183798  0.0304787   0.982491    794.014
         0          0          0          1

<-Total transform 113->iterations: 1, Init error: 35.392, SBA error35.392#
  0.981951 -0.0187763     0.1882    354.592
 0.0236717   0.999436 -0.0237979    57.1285
 -0.187647  0.0278234   0.981842    792.501
         0          0          0          1

<-Total transform 115->iterations: 2, Init error: 17.5208, SBA error14.9615#
  0.981553 -0.0191044   0.190231    360.506
 0.0240659   0.999427 -0.0238052     60.011
 -0.189667  0.0279442   0.981451    784.484
         0          0          0          1

<-Total transform 117->iterations: 33, Init error: 29.022, SBA error21.7868#
  0.981247 -0.0195534   0.191759    370.862
  0.024331   0.999449 -0.0225913     66.058
 -0.191211  0.0268333   0.981182    801.403
         0          0          0          1

<-Total transform 119->iterations: 3, Init error: 24.7104, SBA error16.449#
  0.980527 -0.0202508   0.195336    365.824
 0.0249981   0.999448 -0.0218681    70.4573
 -0.194785  0.0263253   0.980493    815.204
         0          0          0          1

<-Total transform 121->iterations: 15, Init error: 1171.44, SBA error640.203#
  0.979881 -0.0219885    0.19837    382.085
 0.0264738    0.99945 -0.0199865    77.6489
 -0.197821   0.024836   0.979923     820.28
         0          0          0          1

<-Total transform 123->iterations: 11, Init error: 31.3222, SBA error17.2504#
  0.979526 -0.0230345   0.199993    369.434
 0.0268923   0.999501 -0.0165937    86.4862
 -0.199511  0.0216323   0.979657    863.298
         0          0          0          1

<-Total transform 125->iterations: 30, Init error: 24.8824, SBA error18.7975#
  0.979465 -0.0228817    0.20031    371.699
 0.0263332   0.999547 -0.0145832    89.6892
 -0.199885  0.0195586   0.979624    896.501
         0          0          0          1

<-Total transform 127->iterations: 30, Init error: 33.4538, SBA error27.5437#
  0.979383 -0.0217984   0.200833    385.118
 0.0250842    0.99959 -0.0138303    89.6463
 -0.200449  0.0185829   0.979528    920.784
         0          0          0          1

<-Total transform 129->iterations: 55, Init error: 2821.09, SBA error313.085#
  0.979999 -0.0201477   0.197978    399.217
 0.0226525   0.999689 -0.0103951    82.2595
 -0.197707  0.0146719   0.980151    923.846
         0          0          0          1

<-Total transform 131->iterations: 57, Init error: 6001.04, SBA error967.192#
   0.980138  -0.0186445    0.197438     411.318
  0.0209009    0.999738 -0.00935089     78.2537
  -0.197212   0.0132918    0.980271     920.323
          0           0           0           1

<-Total transform 133->iterations: 4, Init error: 863.319, SBA error327.505#
  0.980614 -0.0158766   0.195306    421.642
 0.0178987   0.999803 -0.0085929    72.2454
 -0.195131   0.011922   0.980705    915.203
         0          0          0          1

<-Total transform 135->iterations: 24, Init error: 191.549, SBA error112.095#
   0.981307  -0.0127593    0.192024     438.801
  0.0146867    0.999855 -0.00861764     60.2241
  -0.191886   0.0112768    0.981352     932.071
          0           0           0           1

<-Total transform 137->iterations: 18, Init error: 17.2211, SBA error10.8666#
   0.981693  -0.0100741    0.190204     450.705
  0.0118452    0.999896 -0.00817699     57.5209
  -0.190102   0.0102803     0.98171     962.368
          0           0           0           1

<-Total transform 139->iterations: 6, Init error: 20.9911, SBA error17.3509#
   0.981801 -0.00920959    0.189687     464.485
  0.0110329    0.999903 -0.00855823     53.3254
   -0.18959   0.0104953    0.981807     983.265
          0           0           0           1

<-Total transform 141->iterations: 11, Init error: 53.4421, SBA error28.7074#
   0.981646 -0.00718769    0.190576     489.117
 0.00902628    0.999921 -0.00878125     51.2239
  -0.190498   0.0103403    0.981633     1015.27
          0           0           0           1

<-Total transform 143->iterations: 7, Init error: 2.29175e+006, SBA error96697.2#
   0.981504 -0.00575407    0.191355     490.132
 0.00736194    0.999943  -0.0076927     52.0095
    -0.1913  0.00895916    0.981491     1015.93
          0           0           0           1

<-Total transform 145->iterations: 7, Init error: 394.149, SBA error259.017#
   0.981369 -0.00417122    0.192086     508.082
  0.0056448    0.999959 -0.00712484     32.3069
  -0.192048  0.00807638    0.981352     1042.43
          0           0           0           1

<-Total transform 147->iterations: 10, Init error: 382.147, SBA error236.279#
   0.980557 -0.00204425    0.196224     518.025
 0.00364188    0.999963 -0.00778141     6.25638
  -0.196201  0.00834474    0.980528     1075.98
          0           0           0           1

<-Total transform 149->iterations: 18, Init error: 56.8479, SBA error24.868#
   0.979843 0.000601056    0.199766      525.31
 0.00151961    0.999944  -0.0104622    -11.4155
  -0.199761   0.0105549    0.979788     1114.47
          0           0           0           1

<-Total transform 151->iterations: 20, Init error: 59.4041, SBA error38.5293#
   0.979563  0.00325294     0.20111     542.036
-0.00132328    0.999952 -0.00972874    -20.7477
  -0.201132   0.0092638     0.97952     1146.95
          0           0           0           1

<-Total transform 153->iterations: 31, Init error: 37.4372, SBA error21.1435#
   0.978621  0.00839385    0.205502     556.019
-0.00589104    0.999901  -0.0127878    -32.7996
  -0.205589   0.0113038    0.978573     1172.93
          0           0           0           1

<-Total transform 155->iterations: 32, Init error: 164.773, SBA error108.838#
    0.97844  0.00847532    0.206359     566.853
-0.00565643    0.999883  -0.0142463    -44.8886
  -0.206456   0.0127719    0.978373      1204.8
          0           0           0           1

<-Total transform 157->iterations: 32, Init error: 67.5895, SBA error57.0606#
  0.978334 0.00822361    0.20687    576.752
-0.0051534   0.999869 -0.0153758   -48.2976
 -0.206969  0.0139765   0.978248    1225.84
         0          0          0          1

<-Total transform 159->iterations: 4, Init error: 50.802, SBA error32.9138#
   0.978136  0.00732804    0.207835     566.309
-0.00386833    0.999847   -0.017048    -46.9104
  -0.207928   0.0158713    0.978015     1258.35
          0           0           0           1

<-Total transform 161->iterations: 2, Init error: 80.8908, SBA error73.3913#
    0.977729   0.00486762     0.209815       569.37
-0.000978242     0.999826    -0.018637      -40.429
   -0.209869    0.0180167     0.977563      1281.03
           0            0            0            1

<-Total transform 163->iterations: 43, Init error: 244.772, SBA error166.288#
   0.977569  0.00289018    0.210594     572.311
0.000805937    0.999847  -0.0174629    -32.0153
  -0.210612    0.017241    0.977418     1301.84
          0           0           0           1

<-Total transform 165->iterations: 14, Init error: 100.905, SBA error79.6307#
   0.977131 0.000593093    0.212639     574.787
  0.0027063     0.99988   -0.015225    -25.5324
  -0.212622   0.0154523    0.977012     1337.32
          0           0           0           1

<-Total transform 167->iterations: 17, Init error: 36.7488, SBA error25.8735#
     0.97642 2.41484e-005     0.215878      589.973
  0.00333303     0.999879   -0.0151872     -22.1794
   -0.215853    0.0155486     0.976302      1359.02
           0            0            0            1

<-Total transform 169->iterations: 2, Init error: 24.8955, SBA error22.6243#
   0.975462 -0.00191792    0.220161     606.146
 0.00508935    0.999891  -0.0138388    -8.71218
   -0.22011   0.0146197    0.975365     1367.68
          0           0           0           1

<-Total transform 171->iterations: 3, Init error: 19224.7, SBA error418.912#
   0.974849 -0.00745677    0.222744     621.566
  0.0100996    0.999891  -0.0107281    0.058218
  -0.222639   0.0127079    0.974818     1371.56
          0           0           0           1

<-Total transform 173->iterations: 35, Init error: 79.9962, SBA error59.3009#
   0.974057  -0.0111518    0.226027     634.206
  0.0136184    0.999863 -0.00935654     8.73753
  -0.225891   0.0121919    0.974076     1389.35
          0           0           0           1

<-Total transform 175->iterations: 2, Init error: 36.3779, SBA error36.0274#
  0.973737  -0.012902   0.227308    643.014
 0.0151846    0.99985 -0.0082962    22.3393
 -0.227167  0.0115299   0.973787    1399.18
         0          0          0          1

<-Total transform 177->iterations: 23, Init error: 4025.74, SBA error358.951#
   0.974379  -0.0123724     0.22457     641.056
  0.0145313    0.999863 -0.00796338     20.7304
  -0.224441   0.0110227    0.974425     1395.04
          0           0           0           1

<-Total transform 179->iterations: 40, Init error: 462.536, SBA error260.257#
  0.973595 -0.0113302      0.228     658.58
 0.0141424   0.999843  -0.010704    11.2417
 -0.227843  0.0136459   0.973602    1405.59
         0          0          0          1

<-Total transform 181->iterations: 65, Init error: 794.14, SBA error387.312#
  0.971066 -0.0121324   0.238504    678.478
  0.016334   0.999744 -0.0156482   -5.44859
 -0.238253  0.0190912   0.971015    1410.37
         0          0          0          1

<-Total transform 183->iterations: 2, Init error: 425.764, SBA error242.278#
  0.970333 -0.0165733   0.241204      693.9
 0.0206588   0.999683 -0.0144186    11.4015
 -0.240889  0.0189738   0.970367    1419.56
         0          0          0          1

<-Total transform 185->iterations: 2, Init error: 27.8335, SBA error26.2547#
  0.970169  -0.018839   0.241697    700.182
 0.0226395    0.99966 -0.0129566    20.5615
 -0.241371   0.018042   0.970265    1422.14
         0          0          0          1

<-Total transform 187->iterations: 17, Init error: 71.5075, SBA error41.5175#
  0.968833 -0.0142243   0.247305    735.519
 0.0192061   0.999658 -0.0177436  -0.954808
 -0.246968  0.0219404   0.968775    1434.71
         0          0          0          1

<-Total transform 189->iterations: 11, Init error: 106.713, SBA error74.1371#
   0.967204 -0.00842824    0.253861     779.994
  0.0149464    0.999606  -0.0237583    -25.8098
  -0.253561   0.0267734    0.966949     1430.84
          0           0           0           1

<-Total transform 191->iterations: 2, Init error: 27.3785, SBA error25.702#
  0.967916 -0.0104928   0.251055    785.806
  0.016486   0.999627 -0.0217807   -18.9696
 -0.250732  0.0252208   0.967728    1430.75
         0          0          0          1

<-Total transform 193->iterations: 8, Init error: 1674.49, SBA error60.3902#
  0.967612 -0.0082386   0.252307    810.474
 0.0143221   0.999649 -0.0222844   -21.3903
 -0.252035  0.0251762   0.967391       1443
         0          0          0          1

<-Total transform 195->iterations: 25, Init error: 38.7071, SBA error27.7662#
  0.966343 -0.0036535   0.257231    830.663
0.00957284   0.999717 -0.0217633   -16.6946
 -0.257078  0.0234932   0.966105    1463.93
         0          0          0          1

<-Total transform 197->iterations: 30, Init error: 751.434, SBA error170.502#
   0.965601 -0.00258668    0.260017     839.679
 0.00785194    0.999785   -0.019213    -10.9783
  -0.259911   0.0205938    0.965413     1513.84
          0           0           0           1

<-Total transform 199->iterations: 2, Init error: 697.371, SBA error220.962#
    0.96449 -0.00745125    0.264016      855.53
  0.0129519    0.999734  -0.0191001     1.42231
  -0.263803   0.0218414    0.964329     1504.17
          0           0           0           1

<-Total transform 201->iterations: 8, Init error: 255.305, SBA error168.523#
    0.96405 -0.00669475    0.265635     852.125
   0.011711    0.999782  -0.0173046     6.72468
  -0.265461   0.0197934    0.963918     1548.75
          0           0           0           1

<-Total transform 203->iterations: 3, Init error: 526.481, SBA error171.341#
    0.963829 -0.000140864      0.26652      873.423
  0.00438138     0.999873   -0.0153161      5.05766
   -0.266484    0.0159299     0.963708      1572.37
           0            0            0            1

<-Total transform 205->iterations: 16, Init error: 107.582, SBA error42.4433#
   0.962424  0.00867419    0.271413     882.918
-0.00377889    0.999821  -0.0185538    -23.8774
  -0.271525    0.016831    0.962284     1618.35
          0           0           0           1

<-Total transform 207->iterations: 6, Init error: 49.1217, SBA error10.2375#
   0.959221   0.0142118    0.282301     902.256
-0.00670123    0.999598  -0.0275526    -74.7451
  -0.282579   0.0245372     0.95893     1605.42
          0           0           0           1

<-Total transform 209->iterations: 4, Init error: 85.5538, SBA error76.4075#
   0.957519   0.0100711    0.288194      906.97
0.000134309    0.999374  -0.0353699    -85.8606
   -0.28837   0.0339061    0.956919     1601.64
          0           0           0           1

<-Total transform 211->iterations: 16, Init error: 31.927, SBA error9.975#
    0.956287    0.0121401     0.292177      900.199
-0.000373726     0.999188   -0.0402938      -105.91
   -0.292428    0.0384232     0.955515      1584.59
           0            0            0            1

<-Total transform 213->iterations: 42, Init error: 31.0131, SBA error12.506#
   0.954121   0.0158381    0.299001     907.025
-0.00191585    0.998903  -0.0467984    -126.066
  -0.299414   0.0440785    0.953105     1589.91
          0           0           0           1

<-Total transform 215->iterations: 150, Init error: 1208.77, SBA error699.148#
  0.952004  0.0107237   0.305896    925.104
0.00513657   0.998686 -0.0509965   -130.255
 -0.306041  0.0501201   0.950698     1613.8
         0          0          0          1

<-Total transform 217->iterations: 19, Init error: 32.3775, SBA error30.7955#
  0.949036 0.00440545   0.315136    945.582
 0.0119642   0.998678 -0.0499913   -125.874
  -0.31494  0.0512139   0.947729     1603.4
         0          0          0          1

<-Total transform 219->iterations: 2, Init error: 1173.23, SBA error724.363#
  0.945901  -0.001166   0.324455    972.313
 0.0184028   0.998577 -0.0500621   -115.882
 -0.323934  0.0533246   0.944576    1598.26
         0          0          0          1

<-Total transform 221->iterations: 26, Init error: 1152.56, SBA error569.698#
    0.94334 -0.00613775    0.331771     997.384
  0.0255559    0.998203  -0.0541978     -104.97
  -0.330842   0.0596056    0.941802     1594.44
          0           0           0           1

<-Total transform 223->iterations: 14, Init error: 14920.7, SBA error407.597#
  0.941007 -0.0127125   0.338147    1021.34
 0.0329161   0.997994 -0.0540807   -102.104
 -0.336782  0.0620209   0.939538    1594.69
         0          0          0          1

<-Total transform 225->iterations: 3, Init error: 71.8363, SBA error66.5198#
  0.938271 -0.0177699   0.345445    1042.12
 0.0386082   0.997819 -0.0535362   -98.7184
  -0.34374  0.0635685   0.936911     1600.8
         0          0          0          1

<-Total transform 227->iterations: 3, Init error: 27.0284, SBA error21.1161#
  0.934894 -0.0225269   0.354212    1052.81
 0.0443686   0.997573 -0.0536619   -94.5274
 -0.352143  0.0658841   0.933624    1583.21
         0          0          0          1

<-Total transform 229->iterations: 3, Init error: 27.0284, SBA error21.1161#
  0.934894 -0.0225269   0.354212    1052.81
 0.0443686   0.997573 -0.0536619   -94.5274
 -0.352143  0.0658841   0.933624    1583.21
         0          0          0          1

<-Total transform 231->iterations: 3, Init error: 27.0284, SBA error21.1161#
  0.934894 -0.0225269   0.354212    1052.81
 0.0443686   0.997573 -0.0536619   -94.5274
 -0.352143  0.0658841   0.933624    1583.21
         0          0          0          1

<-Total transform 233->iterations: 2, Init error: 32.6841, SBA error28.9684#
  0.932327 -0.0303522   0.360341    1068.68
 0.0522453   0.997322 -0.0511703   -81.3659
 -0.357823  0.0665336   0.931416    1579.01
         0          0          0          1

<-Total transform 235->iterations: 2, Init error: 1197.56, SBA error960.037#
  0.929878 -0.0366227   0.366041    1091.71
 0.0592041    0.99696 -0.0506534   -55.9389
 -0.363073  0.0687726   0.929219    1575.39
         0          0          0          1

<-Total transform 237->iterations: 26, Init error: 31.3279, SBA error27.1989#
  0.928694 -0.0402372   0.368657    1098.43
 0.0635618   0.996656   -0.05134   -54.9144
 -0.365358  0.0711116   0.928147    1579.61
         0          0          0          1

<-Total transform 239->iterations: 62, Init error: 784.393, SBA error143.918#
  0.928753 -0.0402794   0.368505     1114.5
 0.0635555   0.996662 -0.0512405   -54.7012
 -0.365211  0.0710103   0.928212    1591.32
         0          0          0          1

<-Total transform 241->iterations: 4, Init error: 377.88, SBA error68.9293#
  0.927716 -0.0380012   0.371347    1130.88
 0.0619903   0.996675 -0.0528738   -63.5866
 -0.368103  0.0720718   0.926988    1595.48
         0          0          0          1

<-Total transform 243->iterations: 17, Init error: 35.112, SBA error31.4527#
  0.925639 -0.0410495   0.376176    1136.42
 0.0676999   0.996024 -0.0578967   -69.4584
 -0.372304  0.0790585   0.924738    1592.47
         0          0          0          1

<-Total transform 245->iterations: 16, Init error: 39.931, SBA error28.3322#
  0.925277 -0.0405632   0.377118    1150.74
 0.0682692   0.995838 -0.0603884   -78.6182
 -0.373098  0.0816215   0.924195    1600.08
         0          0          0          1

<-Total transform 247->iterations: 6, Init error: 26.467, SBA error14.9253#
  0.924199 -0.0379299   0.380024    1156.38
  0.067297    0.99566 -0.0642866   -96.8556
 -0.375936   0.084988    0.92274    1584.38
         0          0          0          1

<-Total transform 249->iterations: 8, Init error: 36.6212, SBA error25.7852#
  0.923382 -0.0343872   0.382338    1173.85
 0.0652824   0.995539 -0.0681253   -107.369
  -0.37829  0.0878657   0.921508    1586.25
         0          0          0          1

<-Total transform 251->iterations: 8, Init error: 23.0678, SBA error15.6064#
  0.922082 -0.0329915   0.385585    1172.45
 0.0635653   0.995739 -0.0668115   -107.834
 -0.381738  0.0861156    0.92025    1564.73
         0          0          0          1

<-Total transform 253->iterations: 18, Init error: 195.346, SBA error134.37#
  0.920693 -0.0315887   0.389007    1176.16
 0.0613415   0.996044 -0.0642996   -103.516
 -0.385436  0.0830624   0.918988    1592.26
         0          0          0          1

<-Total transform 255->iterations: 14, Init error: 88.2859, SBA error58.0307#
  0.919823 -0.0271362   0.391395     1192.8
 0.0565175   0.996365 -0.0637426   -109.093
 -0.388242  0.0807525   0.918013    1606.78
         0          0          0          1

<-Total transform 257->iterations: 83, Init error: 121.167, SBA error92.3345#
  0.918481 -0.0249869   0.394675     1203.9
 0.0544044   0.996497 -0.0635207   -117.622
 -0.391705  0.0798146   0.916622    1623.25
         0          0          0          1

<-Total transform 259->iterations: 19, Init error: 164.093, SBA error109.924#
  0.916578 -0.0243956    0.39911    1218.06
 0.0540183   0.996542 -0.0631425    -116.73
 -0.396189  0.0794343   0.914726    1639.85
         0          0          0          1

<-Total transform 261->iterations: 3, Init error: 15.8047, SBA error14.2955#
  0.915073  -0.025899   0.402455    1230.85
 0.0551751   0.996592 -0.0613199   -112.502
 -0.399496  0.0783177   0.913384    1636.42
         0          0          0          1

<-Total transform 263->iterations: 36, Init error: 15.6267, SBA error11.8621#
  0.913648 -0.0250801   0.405731    1242.08
 0.0548136    0.99658  -0.061829   -116.877
 -0.402793  0.0787296   0.911899    1623.82
         0          0          0          1

<-Total transform 265->iterations: 9, Init error: 21.4358, SBA error20.2316#
  0.911992 -0.0235803    0.40953    1254.67
 0.0544268   0.996476 -0.0638283   -121.072
 -0.406582  0.0805003   0.910061    1620.28
         0          0          0          1

<-Total transform 267->iterations: 10, Init error: 21.0651, SBA error20.5169#
  0.910176  -0.024628    0.41349    1265.93
 0.0557923   0.996424 -0.0634619   -119.702
 -0.410448   0.080831   0.908295    1614.95
         0          0          0          1

<-Total transform 269->iterations: 9, Init error: 42.2767, SBA error40.1928#
 0.907173  -0.02739  0.419866   1282.02
0.0585173  0.996394 -0.061434  -114.366
 -0.41667 0.0803006  0.905504   1607.22
        0         0         0         1

<-Total transform 271->iterations: 37, Init error: 77.2408, SBA error52.4354#
  0.903161 -0.0306377   0.428207     1298.6
 0.0626604   0.996176 -0.0608863   -111.372
 -0.424704  0.0818218   0.901627    1611.61
         0          0          0          1

<-Total transform 273->iterations: 10, Init error: 54.7266, SBA error48.9321#
  0.901222 -0.0303285   0.432296    1294.56
 0.0635183   0.996019 -0.0625412   -115.215
 -0.428678  0.0838221    0.89956    1617.33
         0          0          0          1

<-Total transform 275->iterations: 6, Init error: 82.7116, SBA error11.6337#
  0.898219 -0.0279259    0.43866    1283.05
 0.0622038   0.996012 -0.0639632   -112.691
 -0.435125  0.0847393   0.896374    1605.68
         0          0          0          1

<-Total transform 277->iterations: 68, Init error: 666.313, SBA error385.122#
  0.895764 -0.0278997   0.443653     1303.6
 0.0618427   0.996145 -0.0622205    -108.23
 -0.440207  0.0831717   0.894036    1602.63
         0          0          0          1

<-Total transform 279->iterations: 18, Init error: 133.673, SBA error116.38#
   0.89352 -0.0267028   0.448229    1308.84
 0.0610085   0.996193 -0.0622697    -106.67
  -0.44486  0.0829849   0.891747    1606.34
         0          0          0          1

<-Total transform 281->iterations: 60, Init error: 255.827, SBA error177.761#
 0.889656 -0.023574  0.456022   1329.02
0.0597302  0.996094 -0.065035  -113.756
-0.452707 0.0850971  0.887589   1604.49
        0         0         0         1

<-Total transform 283->iterations: 23, Init error: 77.9814, SBA error43.0553#
  0.886136 -0.0230957   0.462849    1324.46
 0.0590847   0.996237 -0.0634079   -110.631
 -0.459643  0.0835353   0.884166    1573.06
         0          0          0          1

<-Total transform 285->iterations: 18, Init error: 80.5324, SBA error56.9388#
  0.884105  -0.023398   0.466703    1306.41
 0.0583154   0.996462 -0.0605132   -111.322
 -0.463636   0.080716   0.882341    1551.48
         0          0          0          1

<-Total transform 287->iterations: 34, Init error: 310.919, SBA error252.18#
  0.880614 -0.0213779   0.473352    1324.02
 0.0578376   0.996361 -0.0626016   -118.595
 -0.470291  0.0825054   0.878646    1551.45
         0          0          0          1

<-Total transform 289->iterations: 23, Init error: 39.1545, SBA error29.0487#
  0.878874 -0.0209212   0.476595    1330.31
 0.0585811    0.99621 -0.0642967   -124.318
 -0.473444  0.0844281   0.876769     1544.5
         0          0          0          1

<-Total transform 291->iterations: 27, Init error: 26.7495, SBA error18.5127#
  0.876554 -0.0191292   0.480923    1346.21
 0.0614594   0.995479 -0.0724227   -148.897
 -0.477363  0.0930396   0.873766    1546.07
         0          0          0          1

<-Total transform 293->iterations: 21, Init error: 15.7038, SBA error14.0302#
  0.873787 -0.0181708    0.48597    1360.34
 0.0656968   0.994552 -0.0809374   -164.932
 -0.481852   0.102649    0.87022    1527.63
         0          0          0          1

<-Total transform 295->iterations: 24, Init error: 30.1499, SBA error27.5098#
  0.873369 -0.0197327    0.48666    1358.11
 0.0696857   0.993962 -0.0847568   -171.608
 -0.482049   0.107937    0.86947    1528.34
         0          0          0          1

<-Total transform 297->iterations: 14, Init error: 39.6107, SBA error31.5044#
  0.871533 -0.0226887   0.489811    1360.06
 0.0751414    0.99331 -0.0876894   -175.553
 -0.484545   0.113229   0.867407    1529.04
         0          0          0          1

<-Total transform 299->iterations: 26, Init error: 144.845, SBA error99.2113#
  0.870054 -0.0260362   0.492269    1376.69
 0.0793023    0.99299 -0.0876423   -172.734
 -0.486536   0.115292    0.86602    1537.53
         0          0          0          1

<-Total transform 301->iterations: 24, Init error: 61.6847, SBA error46.7372#
  0.869247 -0.0249658   0.493748    1376.78
 0.0802637   0.992601  -0.091115   -177.055
  -0.48782   0.118831   0.864818    1555.88
         0          0          0          1

<-Total transform 303->iterations: 2, Init error: 23.0743, SBA error22.3845#
  0.864453 -0.0256313   0.502059     1392.4
 0.0834757   0.992153  -0.093078   -177.503
 -0.495734   0.122371    0.85981    1536.81
         0          0          0          1

<-Total transform 305->iterations: 2, Init error: 26.5594, SBA error19.5389#
  0.862845 -0.0280926   0.504687     1399.5
  0.087818   0.991602 -0.0949433   -178.144
 -0.497782   0.126242   0.858065    1534.82
         0          0          0          1

<-Total transform 307->iterations: 4, Init error: 25.7525, SBA error17.9477#
  0.863021  -0.028347   0.504372    1404.67
 0.0888962   0.991366 -0.0963911   -184.906
