<-Total transform 8->iterations: 5#
   0.999397 -0.00283744   0.0346051     44.7988
 0.00278969    0.999995   0.0014283     28.9913
  -0.034609  -0.0013309      0.9994    -59.6216
          0           0           0           1

<-Total transform 17->iterations: 39#
   0.995227  -0.0102767   0.0970479     86.4792
 0.00992585    0.999942  0.00409737     88.7333
 -0.0970844 -0.00311453    0.995271    -199.526
          0           0           0           1

<-Total transform 26->iterations: 3#
   0.985693  -0.0189533     0.16748     243.874
   0.017346    0.999788   0.0110548     161.828
  -0.167654 -0.00799154    0.985814    -362.013
          0           0           0           1

<-Total transform 35->iterations: 7#
  0.969323 -0.0261969    0.24439     351.16
 0.0194546   0.999362   0.029962    212.872
 -0.245019 -0.0242884   0.969214   -463.026
         0          0          0          1

<-Total transform 44->iterations: 3#
  0.955341 -0.0269599   0.294273    423.004
 0.0140642   0.998849  0.0458512    243.558
 -0.295171 -0.0396648   0.954621   -519.196
         0          0          0          1

<-Total transform 53->iterations: 15#
  0.905911 -0.0568536   0.419634    578.873
  0.023476   0.996165  0.0842839    272.997
 -0.422817 -0.0665024   0.903772   -743.107
         0          0          0          1

<-Total transform 62->iterations: 3#
   0.89433 -0.0644054   0.442748    629.741
 0.0213676   0.994604   0.101521    297.968
 -0.446897 -0.0813329    0.89088   -816.405
         0          0          0          1

<-Total transform 71->iterations: 2#
  0.874902 -0.0702588   0.479177    652.143
 0.0171357   0.993292   0.114353     323.52
 -0.483997 -0.0918367   0.870237   -894.594
         0          0          0          1

<-Total transform 80->iterations: 2#
  0.849388 -0.0819157   0.521373    652.193
 0.0232707   0.992733   0.118062    380.639
 -0.527256  -0.088148   0.845122   -969.027
         0          0          0          1

<-Total transform 89->iterations: 3#
   0.82068 -0.0876085   0.564631    704.737
 0.0158034   0.991278   0.130837    408.954
 -0.571169 -0.0984526   0.814907    -1027.6
         0          0          0          1

<-Total transform 98->iterations: 8#
   0.770182  -0.0848778    0.632152      754.24
-0.00551134    0.990184    0.139665     429.209
  -0.637801   -0.111051    0.762153     -1162.3
          0           0           0           1

<-Total transform 107->iterations: 18#
   0.720369   -0.107159    0.685263     756.476
-0.00640155    0.986924    0.161062     464.915
  -0.693561   -0.120411    0.710263    -1309.19
          0           0           0           1

<-Total transform 116->iterations: 2#
  0.667503  -0.128609   0.733416    745.404
0.00222888   0.985311   0.170752    528.614
 -0.744604  -0.112343   0.657985   -1430.51
         0          0          0          1

<-Total transform 125->iterations: 7#
    0.63096   -0.129477    0.764935     776.788
-0.00895804    0.984694    0.174064     538.526
  -0.775764   -0.116679    0.620142    -1472.44
          0           0           0           1

<-Total transform 134->iterations: 9#
  0.586525  -0.122861   0.800558    800.775
-0.0212788   0.985749   0.166873    517.764
 -0.809651   -0.11491   0.575552   -1508.46
         0          0          0          1

<-Total transform 143->iterations: 4#
  0.526785  -0.127667   0.840356    839.877
-0.0188601   0.986657   0.161716     468.56
 -0.849789  -0.101038   0.517348    -1541.1
         0          0          0          1

<-Total transform 152->iterations: 54#
  0.487118  -0.124457   0.864423    875.613
-0.0304463   0.986772   0.159229     468.56
 -0.872806  -0.103882   0.476885   -1574.36
         0          0          0          1

<-Total transform 161->iterations: 11#
   0.43183  -0.114021   0.894719    923.054
-0.0339413    0.98922   0.142446    440.093
 -0.901316 -0.0918804   0.423305   -1602.54
         0          0          0          1

<-Total transform 170->iterations: 26#
  0.366772 -0.0989614   0.925032    973.478
 -0.037169   0.991973    0.12086    430.148
 -0.929568 -0.0787107    0.36015    -1641.7
         0          0          0          1

<-Total transform 179->iterations: 10#
  0.303137 -0.0833915   0.949291    1047.58
-0.0380669   0.994309   0.099502    394.838
 -0.952186 -0.0662993   0.298238   -1700.55
         0          0          0          1

<-Total transform 188->iterations: 17#
  0.260995 -0.0783957   0.962152    1071.64
-0.0469143   0.994489  0.0937567    387.415
 -0.964199 -0.0696087   0.255879    -1770.1
         0          0          0          1

<-Total transform 197->iterations: 19#
  0.229098 -0.0652001   0.971217    1108.16
-0.0530539   0.995435  0.0793406    364.732
 -0.971956 -0.0697037   0.224593   -1803.55
         0          0          0          1

<-Total transform 206->iterations: 29#
   0.14518 -0.0542063   0.987919    1087.94
-0.0454546   0.997078  0.0613886    339.897
 -0.988361 -0.0538178   0.142292   -1949.66
         0          0          0          1

<-Total transform 215->iterations: 10#
 0.0795986 -0.0476666   0.995687    1091.72
-0.0593572   0.996857  0.0524679    325.888
 -0.995058 -0.0632775  0.0765191   -2043.32
         0          0          0          1

<-Total transform 224->iterations: 5#
 0.0346999 -0.0482229   0.998234    1108.72
-0.0599198   0.996938  0.0502432    292.454
   -0.9976 -0.0615574  0.0317042   -2162.91
         0          0          0          1

