<-Total transform 7->iterations: 8#
   0.999488  -0.0032576   0.0318355     38.5345
 0.00332081    0.999993 -0.00193274     26.0143
  -0.031829  0.00203747    0.999491    -57.7755
          0           0           0           1

<-Total transform 15->iterations: 45#
   0.996603 -0.00819264   0.0819453     88.8493
 0.00776993    0.999955  0.00547599     67.7041
 -0.0819865 -0.00482068    0.996622    -217.389
          0           0           0           1

<-Total transform 23->iterations: 2#
     0.9906   -0.017672    0.135643     129.874
  0.0165678     0.99982  0.00926487     146.199
  -0.135782 -0.00693047    0.990714    -246.281
          0           0           0           1

<-Total transform 31->iterations: 20#
  0.975956 -0.0217563   0.216879    240.343
 0.0180403   0.999655  0.0190992    225.403
  -0.21722 -0.0147275   0.976012   -353.785
         0          0          0          1

<-Total transform 39->iterations: 2#
  0.962631 -0.0282664   0.269338     297.15
 0.0193094   0.999171  0.0358476    284.274
 -0.270128 -0.0293073   0.962378   -417.873
         0          0          0          1

<-Total transform 47->iterations: 6#
  0.952747  -0.024899   0.302741    413.009
 0.0071459   0.998196  0.0596081    305.368
 -0.303679 -0.0546281   0.951207   -517.212
         0          0          0          1

<-Total transform 55->iterations: 3#
  0.910074 -0.0572141   0.410477    527.838
 0.0194927   0.995238  0.0955031    359.444
 -0.413987 -0.0789136   0.906856   -704.362
         0          0          0          1

<-Total transform 63->iterations: 2#
  0.892713 -0.0651345   0.445894    530.614
 0.0216933   0.994563    0.10185    392.067
 -0.450104 -0.0812501   0.889272   -745.574
         0          0          0          1

<-Total transform 71->iterations: 3#
  0.874902 -0.0702588   0.479177    596.004
 0.0171357   0.993292   0.114353    398.968
 -0.483997 -0.0918367   0.870237   -795.481
         0          0          0          1

<-Total transform 79->iterations: 2#
  0.852683 -0.0808447   0.516136    601.131
 0.0225985   0.992737   0.118163    448.744
  -0.52194 -0.0890916   0.848317   -852.269
         0          0          0          1

<-Total transform 87->iterations: 2#
  0.826151 -0.0885187   0.556451    606.062
 0.0204978    0.99165   0.127316    484.629
 -0.563075 -0.0937765   0.821068   -909.821
         0          0          0          1

<-Total transform 95->iterations: 36#
  0.788191 -0.0878581   0.609127    688.484
0.00230626   0.990172   0.139834    487.522
 -0.615426  -0.108811   0.780647   -1004.69
         0          0          0          1

<-Total transform 103->iterations: 38#
   0.747556  -0.0945873    0.657429     734.083
-0.00928108    0.988224    0.152734     493.141
  -0.664134   -0.120279    0.737875    -1120.37
          0           0           0           1

<-Total transform 111->iterations: 3#
    0.693278    -0.119639      0.71067      728.351
-0.000849183     0.985988     0.166815      525.921
    -0.72067    -0.116253     0.683462     -1229.53
           0            0            0            1

<-Total transform 119->iterations: 2#
    0.65332    -0.12993    0.745849     727.393
-0.00182954    0.984889    0.173174     583.533
   -0.75708   -0.114503     0.64321     -1304.5
          0           0           0           1

<-Total transform 127->iterations: 13#
 0.618444 -0.130028  0.774996   737.031
-0.010897  0.984702  0.173908   592.728
-0.785753 -0.115997  0.607566  -1341.28
        0         0         0         1

<-Total transform 135->iterations: 34#
  0.579746  -0.121356   0.805709    775.066
-0.0215405   0.986218   0.164044    591.107
 -0.814513  -0.112459   0.569142   -1350.49
         0          0          0          1

<-Total transform 143->iterations: 5#
  0.526785  -0.127667   0.840356    832.143
-0.0188601   0.986657   0.161716    524.302
 -0.849789  -0.101038   0.517348   -1409.43
         0          0          0          1

<-Total transform 151->iterations: 11#
  0.489719  -0.123974   0.863021    865.527
-0.0303166   0.986819    0.15896    526.362
 -0.871353   -0.10401   0.479506   -1436.93
         0          0          0          1

<-Total transform 159->iterations: 30#
  0.445983  -0.118528   0.887158    914.136
-0.0263562   0.989024   0.145387    513.279
 -0.894653 -0.0882224   0.437964    -1466.9
         0          0          0          1

<-Total transform 167->iterations: 16#
  0.379536  -0.101312   0.919613    962.095
-0.0376055   0.991475   0.124749    512.672
 -0.924412 -0.0819293   0.372491   -1467.83
         0          0          0          1

<-Total transform 175->iterations: 17#
  0.325384 -0.0890709   0.941378    1017.18
-0.0348107    0.99375   0.106058    502.389
 -0.944941 -0.0672798    0.32025   -1495.25
         0          0          0          1

<-Total transform 183->iterations: 24#
  0.286539 -0.0816344   0.954584    1082.27
-0.0442051   0.994176  0.0982893    481.168
 -0.957048 -0.0703612   0.281261    -1542.5
         0          0          0          1

<-Total transform 191->iterations: 62#
  0.255954 -0.0763479   0.963669    1097.96
-0.0484434   0.994611   0.091666     484.52
 -0.965474 -0.0701457   0.250876   -1579.07
         0          0          0          1

<-Total transform 199->iterations: 22#
  0.213936 -0.0584201   0.975099    1133.05
-0.0510099    0.99618  0.0708747    469.006
 -0.975515 -0.0649024   0.210139   -1611.98
         0          0          0          1

<-Total transform 207->iterations: 34#
   0.13132  -0.055061    0.98981    1183.52
-0.0464244   0.997019  0.0616212    446.938
 -0.990252 -0.0540434   0.128372   -1712.13
         0          0          0          1

<-Total transform 215->iterations: 21#
 0.0795986 -0.0476666   0.995687    1225.79
-0.0593572   0.996857  0.0524679    432.211
 -0.995058 -0.0632775  0.0765191    -1791.4
         0          0          0          1

<-Total transform 223->iterations: 6#
 0.0391516 -0.0491747   0.998023    1230.85
-0.0591364   0.996924  0.0514405    402.568
 -0.997482 -0.0610334  0.0361232   -1908.69
         0          0          0          1

<-Total transform 231->iterations: 14#
 0.0338522 -0.0442594   0.998446    1254.28
-0.0664427   0.996709  0.0464351    401.394
 -0.997216 -0.0679114  0.0308001   -1949.22
         0          0          0          1

