<-Total transform 6->iterations: 2#
    0.999764  -0.00234616    0.0216138      27.1549
  0.00236571     0.999997 -0.000879181      37.2734
  -0.0216116  0.000930105     0.999766      -24.832
           0            0            0            1

<-Total transform 13->iterations: 14#
    0.997273  -0.00735159    0.0734282      61.2889
  0.00726724     0.999973   0.00141574       50.453
  -0.0734366 -0.000878264     0.997299      1.02657
           0            0            0            1

<-Total transform 20->iterations: 20#
   0.992852  -0.0138552    0.118541     168.117
  0.0132278    0.999894  0.00607855      69.367
  -0.118613 -0.00446707    0.992931     -65.029
          0           0           0           1

<-Total transform 27->iterations: 2#
   0.983101  -0.0209505    0.181859     236.138
  0.0197468    0.999769  0.00842699     140.261
  -0.181993 -0.00469345    0.983289    -117.019
          0           0           0           1

<-Total transform 34->iterations: 2#
  0.969228 -0.0259135   0.244798    316.118
  0.020652   0.999498  0.0240364    215.303
 -0.245298 -0.0182412   0.969276   -178.556
         0          0          0          1

<-Total transform 41->iterations: 27#
  0.959573 -0.0258047   0.280275    390.559
  0.015925   0.999171  0.0374706    243.627
  -0.28101 -0.0314924   0.959188   -242.198
         0          0          0          1

<-Total transform 48->iterations: 6#
  0.948965 -0.0247184    0.31441    465.648
0.00648138   0.998242  0.0589179     300.39
 -0.315313 -0.0538733   0.947457   -313.352
         0          0          0          1

<-Total transform 55->iterations: 4#
  0.910074 -0.0572141   0.410477    607.206
 0.0194927   0.995238  0.0955031    349.161
 -0.413987 -0.0789136   0.906856    -522.45
         0          0          0          1

<-Total transform 62->iterations: 2#
   0.89433 -0.0644054   0.442748    616.631
 0.0213676   0.994604   0.101521    381.297
 -0.446897 -0.0813329    0.89088   -562.903
         0          0          0          1

<-Total transform 69->iterations: 6#
  0.879598 -0.0687773   0.470719    648.898
 0.0184363   0.993679   0.110737    397.669
  -0.47536 -0.0887257   0.875306   -636.284
         0          0          0          1

<-Total transform 76->iterations: 2#
  0.860276  -0.078064   0.503817    659.821
 0.0216876   0.992917   0.116816     435.32
 -0.509367 -0.0895672   0.855875    -694.35
         0          0          0          1

<-Total transform 83->iterations: 21#
  0.838246 -0.0852996    0.53858    668.962
 0.0238974   0.992487   0.119995    463.068
 -0.544769 -0.0877145   0.833986   -753.108
         0          0          0          1

<-Total transform 90->iterations: 3#
 0.815523 -0.088047  0.571988   708.456
0.0137818  0.991033  0.132902   473.065
 -0.57856 -0.100501  0.809424  -822.124
        0         0         0         1

<-Total transform 97->iterations: 18#
   0.779387  -0.0866692    0.620519     777.871
-0.00318246    0.989826    0.142248     487.268
  -0.626534   -0.112841    0.771182     -950.51
          0           0           0           1

<-Total transform 104->iterations: 2#
   0.739283  -0.0985602    0.666143     790.488
-0.00972952    0.987564    0.156914     543.165
  -0.673324   -0.122485    0.729131    -1041.63
          0           0           0           1

<-Total transform 111->iterations: 3#
    0.693278    -0.119639      0.71067      779.616
-0.000849183     0.985988     0.166815      593.683
    -0.72067    -0.116253     0.683462      -1133.4
           0            0            0            1

<-Total transform 118->iterations: 2#
   0.653991   -0.129853    0.745274      782.83
0.000744458    0.985268    0.171016     647.793
  -0.756502   -0.111288    0.644453    -1215.29
          0           0           0           1

<-Total transform 125->iterations: 6#
    0.63096   -0.129477    0.764935     826.282
-0.00895804    0.984694    0.174064     659.668
  -0.775764   -0.116679    0.620142    -1237.97
          0           0           0           1

<-Total transform 132->iterations: 16#
  0.593357  -0.128116   0.794679    842.965
-0.0154734   0.985255   0.170394    671.788
 -0.804791  -0.113401   0.582625   -1267.05
         0          0          0          1

<-Total transform 139->iterations: 8#
  0.548281  -0.124593   0.826961    872.701
-0.0163743   0.987051   0.159569    671.721
 -0.836134   -0.10103   0.539141   -1293.82
         0          0          0          1

<-Total transform 146->iterations: 150#
  0.512275  -0.127895   0.849245    944.588
-0.0206865   0.986725   0.161077     664.79
 -0.858573  -0.100084   0.502828   -1338.54
         0          0          0          1

<-Total transform 153->iterations: 7#
  0.482075   -0.12464   0.867219    969.183
-0.0315547   0.986717   0.159356    676.874
 -0.875561  -0.104187   0.471739   -1373.04
         0          0          0          1

<-Total transform 160->iterations: 25#
  0.439155  -0.116802   0.890786    1016.87
-0.0291323    0.98914    0.14406    658.441
 -0.897939 -0.0892153   0.430983   -1404.09
         0          0          0          1

<-Total transform 167->iterations: 44#
  0.379536  -0.101312   0.919613    1069.65
-0.0376055   0.991475   0.124749    651.229
 -0.924412 -0.0819293   0.372491   -1460.43
         0          0          0          1

<-Total transform 174->iterations: 10#
  0.334756 -0.0900211   0.937995    1130.38
-0.0383999   0.993296   0.109033    618.866
 -0.941522 -0.0725182   0.329055   -1504.66
         0          0          0          1

<-Total transform 181->iterations: 30#
  0.289039 -0.0819903     0.9538    1156.74
-0.0407474   0.994369  0.0978258    604.279
  -0.95645 -0.0671404   0.284071   -1586.31
         0          0          0          1

<-Total transform 188->iterations: 48#
  0.260995 -0.0783957   0.962152    1196.95
-0.0469143   0.994489  0.0937567    604.513
 -0.964199 -0.0696087   0.255879   -1628.63
         0          0          0          1

<-Total transform 195->iterations: 13#
  0.235026  -0.071213   0.969377    1214.56
 -0.048031   0.995243  0.0847584    611.357
 -0.970802 -0.0664806   0.230488   -1656.33
         0          0          0          1

<-Total transform 202->iterations: 51#
  0.190012 -0.0544819   0.980269    1264.12
-0.0503217   0.996606  0.0651441     557.21
 -0.980491  -0.061707   0.186626   -1739.51
         0          0          0          1

<-Total transform 209->iterations: 5#
  0.114909 -0.0535569   0.991931    1359.01
-0.0500385   0.996966  0.0596254    525.876
 -0.992115 -0.0564863   0.111881   -1827.65
         0          0          0          1

<-Total transform 216->iterations: 11#
 0.0753223 -0.0475265   0.996026    1365.91
-0.0588537    0.99691  0.0520193    508.657
 -0.995421  -0.062538  0.0722925   -1934.91
         0          0          0          1

<-Total transform 223->iterations: 9#
 0.0391516 -0.0491747   0.998023    1384.29
-0.0591364   0.996924  0.0514405    489.527
 -0.997482 -0.0610334  0.0361232   -2059.25
         0          0          0          1

<-Total transform 230->iterations: 10#
 0.0318439 -0.0469056   0.998392    1397.39
-0.0662454   0.996603  0.0489345    484.297
 -0.997295 -0.0676971  0.0286285   -2131.44
         0          0          0          1

