<-Total transform 9->iterations: 5#
    0.998998  -0.00354521    0.0446097      52.0997
  0.00358337     0.999993 -0.000775538      40.6437
  -0.0446067  0.000934614     0.999004     -49.5457
           0            0            0            1

<-Total transform 19->iterations: 2#
   0.993727  -0.0132647    0.111044     137.541
  0.0128344    0.999907  0.00458923     167.976
  -0.111094 -0.00313526    0.993805    -134.558
          0           0           0           1

<-Total transform 29->iterations: 21#
   0.978436  -0.0228041    0.205286     339.539
  0.0204813      0.9997   0.0134329      205.96
   -0.20553 -0.00893874     0.97861    -292.902
          0           0           0           1

<-Total transform 39->iterations: 17#
  0.962631 -0.0282664   0.269338    424.112
 0.0193094   0.999171  0.0358476    284.742
 -0.270128 -0.0293073   0.962378   -371.722
         0          0          0          1

<-Total transform 49->iterations: 15#
  0.924536 -0.0462111   0.378284     571.96
 0.0151633   0.996296  0.0846477    369.928
 -0.380794 -0.0725238   0.921811   -572.435
         0          0          0          1

<-Total transform 59->iterations: 2#
  0.900349 -0.0622254   0.430696    593.076
 0.0217373   0.994919  0.0983014     453.35
 -0.434625 -0.0791434   0.897127   -655.619
         0          0          0          1

<-Total transform 69->iterations: 5#
  0.879598 -0.0687773   0.470719    636.903
 0.0184363   0.993679   0.110737    489.881
  -0.47536 -0.0887257   0.875306   -731.497
         0          0          0          1

<-Total transform 79->iterations: 2#
  0.852683 -0.0808447   0.516136    648.846
 0.0225985   0.992737   0.118163    556.815
  -0.52194 -0.0890916   0.848317   -810.236
         0          0          0          1

<-Total transform 89->iterations: 30#
   0.82068 -0.0876085   0.564631    665.996
 0.0158034   0.991278   0.130837    587.047
 -0.571169 -0.0984526   0.814907   -860.537
         0          0          0          1

<-Total transform 99->iterations: 26#
   0.769092  -0.0863945    0.633272     762.826
-0.00699393    0.989625    0.143504     607.658
    -0.6391   -0.114797    0.760508    -1050.06
          0           0           0           1

<-Total transform 109->iterations: 4#
   0.704399   -0.115401     0.70036     763.311
-0.00236234    0.986309    0.164894     638.236
    -0.7098   -0.117805    0.694483     -1203.6
          0           0           0           1

<-Total transform 119->iterations: 17#
    0.65332    -0.12993    0.745849     832.324
-0.00182954    0.984889    0.173174     659.181
   -0.75708   -0.114503     0.64321    -1336.79
          0           0           0           1

<-Total transform 129->iterations: 37#
  0.612762  -0.130738   0.779378    886.983
-0.0144768   0.984198   0.176478    637.014
 -0.790135  -0.119422   0.601187   -1376.52
         0          0          0          1

<-Total transform 139->iterations: 4#
  0.548281  -0.124593   0.826961    934.262
-0.0163743   0.987051   0.159569    580.527
 -0.836134   -0.10103   0.539141   -1447.17
         0          0          0          1

<-Total transform 149->iterations: 7#
  0.501447  -0.126417   0.855903    984.143
-0.0274946    0.98644   0.161805    587.257
 -0.864751   -0.10467   0.491172   -1510.21
         0          0          0          1

<-Total transform 159->iterations: 26#
  0.445983  -0.118528   0.887158    1017.49
-0.0263562   0.989024   0.145387    580.237
 -0.894653 -0.0882224   0.437964    -1560.2
         0          0          0          1

<-Total transform 169->iterations: 9#
  0.373334  -0.100428   0.922245    1076.78
-0.0365188   0.991762   0.122781     539.14
 -0.926978 -0.0795175   0.366591   -1621.68
         0          0          0          1

<-Total transform 179->iterations: 11#
  0.303137 -0.0833915   0.949291       1150
-0.0380669   0.994309   0.099502    501.374
 -0.952186 -0.0662993   0.298238   -1703.24
         0          0          0          1

<-Total transform 189->iterations: 16#
  0.259235 -0.0778136   0.962674    1187.02
-0.0492384   0.994388  0.0936363    493.105
 -0.964558 -0.0716744   0.253949   -1764.41
         0          0          0          1

<-Total transform 199->iterations: 65#
  0.213936 -0.0584201   0.975099    1209.13
-0.0510099    0.99618  0.0708747    469.162
 -0.975515 -0.0649024   0.210139   -1815.89
         0          0          0          1

<-Total transform 209->iterations: 9#
  0.114909 -0.0535569   0.991931    1222.97
-0.0500385   0.996966  0.0596254    444.771
 -0.992115 -0.0564863   0.111881   -1925.51
         0          0          0          1

<-Total transform 219->iterations: 39#
 0.0541932  -0.045365   0.997499    1208.38
-0.0538036   0.997384  0.0482829    426.998
  -0.99708 -0.0562856  0.0516106   -2066.83
         0          0          0          1

<-Total transform 229->iterations: 14#
 0.0318751 -0.0464094   0.998414    1218.43
  -0.07169   0.996242  0.0485972    393.878
 -0.996918 -0.0731253  0.0284282   -2177.03
         0          0          0          1

