<-Total transform 3->iterations: 3#
    0.999985  0.000630039   0.00551745      9.54251
-0.000637681     0.999999   0.00138346     -4.95111
 -0.00551657  -0.00138695     0.999984     -8.59106
           0            0            0            1

<-Total transform 7->iterations: 31#
   0.999488  -0.0032576   0.0318355     22.7222
 0.00332081    0.999993 -0.00193274     4.66342
  -0.031829  0.00203747    0.999491     2.73715
          0           0           0           1

<-Total transform 11->iterations: 3#
   0.997994 -0.00575083   0.0630531     64.1303
  0.0056726    0.999983  0.00141961     39.1705
 -0.0630602 -0.00105909    0.998009    -65.8372
          0           0           0           1

<-Total transform 15->iterations: 2#
   0.996603 -0.00819264   0.0819453     98.3278
 0.00776993    0.999955  0.00547599     87.8589
 -0.0819865 -0.00482068    0.996622    -74.9747
          0           0           0           1

<-Total transform 19->iterations: 9#
   0.993727  -0.0132647    0.111044     126.117
  0.0128344    0.999907  0.00458923       130.6
  -0.111094 -0.00313526    0.993805    -114.083
          0           0           0           1

<-Total transform 23->iterations: 6#
     0.9906   -0.017672    0.135643     157.329
  0.0165678     0.99982  0.00926487     160.526
  -0.135782 -0.00693047    0.990714    -145.693
          0           0           0           1

<-Total transform 27->iterations: 2#
   0.983101  -0.0209505    0.181859     198.853
  0.0197468    0.999769  0.00842699     213.138
  -0.181993 -0.00469345    0.983289    -171.504
          0           0           0           1

<-Total transform 31->iterations: 2#
  0.975956 -0.0217563   0.216879    268.205
 0.0180403   0.999655  0.0190992    304.591
  -0.21722 -0.0147275   0.976012    -223.53
         0          0          0          1

<-Total transform 35->iterations: 5#
  0.969323 -0.0261969    0.24439    301.665
 0.0194546   0.999362   0.029962    336.037
 -0.245019 -0.0242884   0.969214   -266.315
         0          0          0          1

<-Total transform 39->iterations: 4#
  0.962631 -0.0282664   0.269338    332.736
 0.0193094   0.999171  0.0358476    352.098
 -0.270128 -0.0293073   0.962378   -296.743
         0          0          0          1

<-Total transform 43->iterations: 11#
  0.957632 -0.0246043   0.286941    397.909
 0.0129599   0.999016  0.0424104    359.585
 -0.287703 -0.0368949   0.957009     -346.4
         0          0          0          1

<-Total transform 47->iterations: 36#
  0.952747  -0.024899   0.302741    430.388
 0.0071459   0.998196  0.0596081    368.371
 -0.303679 -0.0546281   0.951207   -379.306
         0          0          0          1

<-Total transform 51->iterations: 20#
   0.91542 -0.0522787   0.399091    518.605
 0.0194541   0.996117  0.0858626    442.415
  -0.40203 -0.0708363   0.912882   -559.294
         0          0          0          1

<-Total transform 55->iterations: 2#
  0.910074 -0.0572141   0.410477    541.097
 0.0194927   0.995238  0.0955031    473.012
 -0.413987 -0.0789136   0.906856   -601.992
         0          0          0          1

<-Total transform 59->iterations: 15#
  0.900349 -0.0622254   0.430696    533.168
 0.0217373   0.994919  0.0983014    473.733
 -0.434625 -0.0791434   0.897127   -617.745
         0          0          0          1

<-Total transform 63->iterations: 2#
  0.892713 -0.0651345   0.445894    549.676
 0.0216933   0.994563    0.10185    496.237
 -0.450104 -0.0812501   0.889272   -643.822
         0          0          0          1

<-Total transform 67->iterations: 10#
  0.882727 -0.0688177    0.46482    578.904
  0.020185   0.993858    0.10881    503.936
 -0.469453 -0.0866672   0.878694   -685.117
         0          0          0          1

<-Total transform 71->iterations: 5#
  0.874902 -0.0702588   0.479177    598.967
 0.0171357   0.993292   0.114353    510.433
 -0.483997 -0.0918367   0.870237   -710.634
         0          0          0          1

<-Total transform 75->iterations: 2#
   0.86348 -0.0779711   0.498319    601.967
 0.0219453   0.992851   0.117323    536.298
 -0.503905 -0.0903704   0.859019    -741.16
         0          0          0          1

<-Total transform 79->iterations: 5#
  0.852683 -0.0808447   0.516136    612.966
 0.0225985   0.992737   0.118163    549.589
  -0.52194 -0.0890916   0.848317   -773.383
         0          0          0          1

<-Total transform 83->iterations: 2#
  0.838246 -0.0852996    0.53858    613.026
 0.0238974   0.992487   0.119995    581.087
 -0.544769 -0.0877145   0.833986   -792.569
         0          0          0          1

<-Total transform 87->iterations: 5#
  0.826151 -0.0885187   0.556451    634.243
 0.0204978    0.99165   0.127316    586.495
 -0.563075 -0.0937765   0.821068   -845.835
         0          0          0          1

<-Total transform 91->iterations: 6#
  0.806692 -0.0887982   0.584263     655.49
 0.0105367   0.990651   0.136014    607.944
 -0.590878  -0.103565   0.800086   -894.956
         0          0          0          1

<-Total transform 95->iterations: 9#
  0.788191 -0.0878581   0.609127    704.231
0.00230626   0.990172   0.139834    636.543
 -0.615426  -0.108811   0.780647   -951.198
         0          0          0          1

<-Total transform 99->iterations: 9#
   0.769092  -0.0863945    0.633272     745.176
-0.00699393    0.989625    0.143504     629.666
    -0.6391   -0.114797    0.760508    -1000.01
          0           0           0           1

<-Total transform 103->iterations: 2#
   0.747556  -0.0945873    0.657429     747.162
-0.00928108    0.988224    0.152734     681.978
  -0.664134   -0.120279    0.737875    -1048.47
          0           0           0           1

<-Total transform 107->iterations: 2#
   0.720369   -0.107159    0.685263      734.84
-0.00640155    0.986924    0.161062     727.058
  -0.693561   -0.120411    0.710263    -1111.47
          0           0           0           1

<-Total transform 111->iterations: 4#
    0.693278    -0.119639      0.71067      738.775
-0.000849183     0.985988     0.166815       755.73
    -0.72067    -0.116253     0.683462     -1172.06
           0            0            0            1

<-Total transform 115->iterations: 2#
  0.670295  -0.128037   0.730966    737.701
0.00238716    0.98537    0.17041    800.058
 -0.742091   -0.11248   0.660795   -1218.88
         0          0          0          1

<-Total transform 119->iterations: 7#
    0.65332    -0.12993    0.745849     742.217
-0.00182954    0.984889    0.173174     804.267
   -0.75708   -0.114503     0.64321    -1251.45
          0           0           0           1

<-Total transform 123->iterations: 10#
   0.634211   -0.130552    0.762058     758.419
-0.00577279    0.984814    0.173518     804.619
  -0.773138   -0.114446    0.623826    -1269.54
          0           0           0           1

<-Total transform 127->iterations: 7#
 0.618444 -0.130028  0.774996   761.041
-0.010897  0.984702  0.173908   821.656
-0.785753 -0.115997  0.607566  -1293.22
        0         0         0         1

<-Total transform 131->iterations: 10#
  0.597233  -0.128403   0.791723    783.758
-0.0144155   0.985225    0.17066    820.264
 -0.801938  -0.113337   0.586558   -1318.71
         0          0          0          1

<-Total transform 135->iterations: 70#
  0.579746  -0.121356   0.805709    827.088
-0.0215405   0.986218   0.164044    810.841
 -0.814513  -0.112459   0.569142   -1323.38
         0          0          0          1

<-Total transform 139->iterations: 15#
  0.548281  -0.124593   0.826961    842.344
-0.0163743   0.987051   0.159569    809.222
 -0.836134   -0.10103   0.539141   -1320.09
         0          0          0          1

<-Total transform 143->iterations: 7#
  0.526785  -0.127667   0.840356    855.123
-0.0188601   0.986657   0.161716    819.263
 -0.849789  -0.101038   0.517348   -1361.01
         0          0          0          1

<-Total transform 147->iterations: 8#
  0.505521  -0.127243    0.85338    873.656
-0.0223808   0.986799   0.160394    815.081
 -0.862524  -0.100182      0.496   -1371.46
         0          0          0          1

<-Total transform 151->iterations: 12#
  0.489719  -0.123974   0.863021    893.586
-0.0303166   0.986819    0.15896    819.271
 -0.871353   -0.10401   0.479506   -1387.12
         0          0          0          1

<-Total transform 155->iterations: 11#
  0.469237  -0.123485   0.874396    927.437
-0.0269039   0.987716   0.153926    821.499
 -0.882662 -0.0957523   0.460151    -1407.6
         0          0          0          1

<-Total transform 159->iterations: 9#
  0.445983  -0.118528   0.887158    954.024
-0.0263562   0.989024   0.145387    802.513
 -0.894653 -0.0882224   0.437964   -1422.88
         0          0          0          1

<-Total transform 163->iterations: 3#
  0.412603  -0.108238   0.904458    973.878
-0.0384456   0.989961   0.136009    761.696
 -0.910099 -0.0908902   0.404299   -1437.81
         0          0          0          1

<-Total transform 167->iterations: 13#
  0.379536  -0.101312   0.919613    1013.38
-0.0376055   0.991475   0.124749    765.601
 -0.924412 -0.0819293   0.372491      -1442
         0          0          0          1

<-Total transform 171->iterations: 57#
  0.352612 -0.0961306   0.930819     1038.5
-0.0354689   0.992622    0.11595    753.068
 -0.935097 -0.0739003     0.3466   -1469.86
         0          0          0          1

<-Total transform 175->iterations: 13#
  0.325384 -0.0890709   0.941378    1073.27
-0.0348107    0.99375   0.106058     748.17
 -0.944941 -0.0672798    0.32025   -1488.47
         0          0          0          1

<-Total transform 179->iterations: 14#
  0.303137 -0.0833915   0.949291    1120.73
-0.0380669   0.994309   0.099502    732.123
 -0.952186 -0.0662993   0.298238   -1512.27
         0          0          0          1

<-Total transform 183->iterations: 4#
  0.286539 -0.0816344   0.954584    1156.28
-0.0442051   0.994176  0.0982893    704.665
 -0.957048 -0.0703612   0.281261   -1539.46
         0          0          0          1

<-Total transform 187->iterations: 4#
  0.265722 -0.0793816   0.960776    1170.89
-0.0452812   0.994477  0.0946894    680.854
 -0.962986 -0.0686661   0.260659   -1564.63
         0          0          0          1

<-Total transform 191->iterations: 22#
  0.255954 -0.0763479   0.963669    1181.81
-0.0484434   0.994611   0.091666    677.616
 -0.965474 -0.0701457   0.250876   -1585.27
         0          0          0          1

<-Total transform 195->iterations: 25#
  0.235026  -0.071213   0.969377    1198.45
 -0.048031   0.995243  0.0847584    672.525
 -0.970802 -0.0664806   0.230488   -1612.58
         0          0          0          1

<-Total transform 199->iterations: 77#
  0.213936 -0.0584201   0.975099    1210.61
-0.0510099    0.99618  0.0708747    651.442
 -0.975515 -0.0649024   0.210139   -1648.03
         0          0          0          1

<-Total transform 203->iterations: 12#
  0.178875 -0.0543149   0.982371    1235.37
 -0.048023   0.996803  0.0638571    635.412
 -0.982699 -0.0585989   0.175695   -1702.34
         0          0          0          1

<-Total transform 207->iterations: 2#
   0.13132  -0.055061    0.98981    1200.32
-0.0464244   0.997019  0.0616212    629.613
 -0.990252 -0.0540434   0.128372    -1785.8
         0          0          0          1

<-Total transform 211->iterations: 25#
  0.106075 -0.0504898   0.993075    1236.48
-0.0580942   0.996689  0.0568789    608.898
  -0.99266 -0.0637253    0.10279   -1846.82
         0          0          0          1

<-Total transform 215->iterations: 4#
 0.0795986 -0.0476666   0.995687    1239.67
-0.0593572   0.996857  0.0524679     590.81
 -0.995058 -0.0632775  0.0765191   -1879.66
         0          0          0          1

<-Total transform 219->iterations: 53#
 0.0541932  -0.045365   0.997499    1245.77
-0.0538036   0.997384  0.0482829    582.065
  -0.99708 -0.0562856  0.0516106   -1950.48
         0          0          0          1

<-Total transform 223->iterations: 7#
 0.0391516 -0.0491747   0.998023    1234.21
-0.0591364   0.996924  0.0514405    584.534
 -0.997482 -0.0610334  0.0361232   -2009.87
         0          0          0          1

<-Total transform 227->iterations: 22#
 0.0301025 -0.0461612    0.99848    1240.45
-0.0640139   0.996793  0.0480131    562.421
 -0.997495 -0.0653619   0.027051   -2045.71
         0          0          0          1

<-Total transform 231->iterations: 2#
 0.0338522 -0.0442594   0.998446    1262.55
-0.0664427   0.996709  0.0464351    555.878
 -0.997216 -0.0679114  0.0308001   -2042.15
         0          0          0          1

