<-Total transform 2->iterations: 6#
    0.999999  0.000712827   0.00153865      9.07881
-0.000713713            1  0.000575287     -4.46984
 -0.00153824 -0.000576384     0.999999     -5.87699
           0            0            0            1

<-Total transform 3->iterations: 11#
    0.999985  0.000630039   0.00551745      16.0193
-0.000637681     0.999999   0.00138346      -4.7982
 -0.00551657  -0.00138695     0.999984     -15.4819
           0            0            0            1

<-Total transform 4->iterations: 91#
   0.999919 -0.00170611   0.0125931      19.525
  0.0017083    0.999999 -0.00016345    -1.77868
 -0.0125928  0.00018495    0.999921    -12.8013
          0           0           0           1

<-Total transform 5->iterations: 5#
     0.999879   -0.00197514     0.0154502       35.0178
   0.00197352      0.999998   0.000120372      0.658607
   -0.0154504 -8.98663e-005      0.999881      -25.7798
            0             0             0             1

<-Total transform 6->iterations: 2#
    0.999764  -0.00234616    0.0216138      45.9923
  0.00236571     0.999997 -0.000879181      5.09594
  -0.0216116  0.000930105     0.999766     -31.1475
           0            0            0            1

<-Total transform 7->iterations: 21#
   0.999488  -0.0032576   0.0318355     53.8341
 0.00332081    0.999993 -0.00193274     8.00187
  -0.031829  0.00203747    0.999491    -44.9331
          0           0           0           1

<-Total transform 8->iterations: 5#
   0.999397 -0.00283744   0.0346051     74.1441
 0.00278969    0.999995   0.0014283     5.00445
  -0.034609  -0.0013309      0.9994    -42.9217
          0           0           0           1

<-Total transform 9->iterations: 2#
    0.998998  -0.00354521    0.0446097      84.4724
  0.00358337     0.999993 -0.000775538      11.5273
  -0.0446067  0.000934614     0.999004     -55.8455
           0            0            0            1

<-Total transform 10->iterations: 2#
   0.998407 -0.00503581   0.0561994     93.1437
 0.00512832    0.999986 -0.00150212     17.5379
  -0.056191  0.00178794    0.998418    -65.3251
          0           0           0           1

<-Total transform 11->iterations: 2#
   0.997994 -0.00575083   0.0630531     107.975
  0.0056726    0.999983  0.00141961      30.625
 -0.0630602 -0.00105909    0.998009    -73.5554
          0           0           0           1

<-Total transform 12->iterations: 5#
   0.997818 -0.00651803   0.0657009     124.386
 0.00634198    0.999976  0.00288766     39.7604
 -0.0657181 -0.00246468    0.997835       -76.7
          0           0           0           1

<-Total transform 13->iterations: 34#
    0.997273  -0.00735159    0.0734282      135.098
  0.00726724     0.999973   0.00141574      41.2961
  -0.0734366 -0.000878264     0.997299     -76.0366
           0            0            0            1

<-Total transform 14->iterations: 2#
   0.996876 -0.00752984   0.0786277     146.709
 0.00727143    0.999967  0.00357232     49.6333
 -0.0786521 -0.00298942    0.996898    -82.6875
          0           0           0           1

<-Total transform 15->iterations: 2#
   0.996603 -0.00819264   0.0819453     154.718
 0.00776993    0.999955  0.00547599     56.7734
 -0.0819865 -0.00482068    0.996622    -83.4492
          0           0           0           1

<-Total transform 16->iterations: 23#
   0.996148 -0.00913265   0.0872068     167.195
 0.00873157    0.999949  0.00497952     59.3692
 -0.0872479 -0.00419889    0.996178    -98.0599
          0           0           0           1

<-Total transform 17->iterations: 2#
   0.995227  -0.0102767   0.0970479     177.502
 0.00992585    0.999942  0.00409737      66.567
 -0.0970844 -0.00311453    0.995271    -106.148
          0           0           0           1

<-Total transform 18->iterations: 2#
   0.994439  -0.0121712    0.104605     192.125
  0.0118571    0.999923  0.00362324      82.675
  -0.104641 -0.00236278    0.994507    -116.976
          0           0           0           1

<-Total transform 19->iterations: 4#
   0.993727  -0.0132647    0.111044     207.958
  0.0128344    0.999907  0.00458923     94.3178
  -0.111094 -0.00313526    0.993805    -151.117
          0           0           0           1

<-Total transform 20->iterations: 2#
   0.992852  -0.0138552    0.118541     215.873
  0.0132278    0.999894  0.00607855     99.0683
  -0.118613 -0.00446707    0.992931    -157.907
          0           0           0           1

<-Total transform 21->iterations: 2#
   0.992405  -0.0149297    0.122103     223.407
  0.0141785    0.999875  0.00701889     105.322
  -0.122192 -0.00523435    0.992493    -162.294
          0           0           0           1

<-Total transform 22->iterations: 20#
   0.991436  -0.0157121    0.129643      237.21
  0.0149557    0.999865  0.00680659     109.519
  -0.129733 -0.00480939    0.991537     -171.06
          0           0           0           1

<-Total transform 23->iterations: 3#
     0.9906   -0.017672    0.135643     244.486
  0.0165678     0.99982  0.00926487      120.61
  -0.135782 -0.00693047    0.990714    -177.772
          0           0           0           1

<-Total transform 24->iterations: 5#
  0.989556 -0.0199621   0.142761    249.919
 0.0185774   0.999767  0.0110263    127.288
 -0.142948  -0.008259   0.989696   -178.881
         0          0          0          1

<-Total transform 25->iterations: 36#
   0.988827  -0.0199669    0.147726     260.397
  0.0185628    0.999769   0.0108773     127.009
  -0.147909 -0.00801355    0.988968    -181.977
          0           0           0           1

<-Total transform 26->iterations: 29#
   0.985693  -0.0189533     0.16748     300.108
   0.017346    0.999788   0.0110548     110.443
  -0.167654 -0.00799154    0.985814    -200.602
          0           0           0           1

<-Total transform 27->iterations: 4#
   0.983101  -0.0209505    0.181859     314.712
  0.0197468    0.999769  0.00842699     114.811
  -0.181993 -0.00469345    0.983289    -214.843
          0           0           0           1

<-Total transform 28->iterations: 7#
   0.980412  -0.0229706    0.195616     328.845
  0.0210882    0.999709   0.0117005     128.024
  -0.195828 -0.00734616    0.980611    -232.685
          0           0           0           1

<-Total transform 29->iterations: 4#
   0.978436  -0.0228041    0.205286      358.26
  0.0204813      0.9997   0.0134329     128.352
   -0.20553 -0.00893874     0.97861    -250.901
          0           0           0           1

<-Total transform 30->iterations: 30#
   0.975961  -0.0225086    0.216778     381.562
  0.0198032    0.999697   0.0146448      126.84
  -0.217042 -0.00999987    0.976111    -263.511
          0           0           0           1

<-Total transform 31->iterations: 4#
  0.975956 -0.0217563   0.216879    423.241
 0.0180403   0.999655  0.0190992    124.603
  -0.21722 -0.0147275   0.976012   -278.444
         0          0          0          1

<-Total transform 32->iterations: 34#
  0.974322 -0.0214717   0.224133    431.559
 0.0173848   0.999645  0.0201922    122.993
 -0.224487 -0.0157772   0.974349   -286.304
         0          0          0          1

<-Total transform 33->iterations: 17#
  0.971336 -0.0237073   0.236527    430.427
 0.0193804     0.9996  0.0206017    124.062
 -0.236921 -0.0154272   0.971406   -290.502
         0          0          0          1

<-Total transform 34->iterations: 2#
  0.969228 -0.0259135   0.244798    442.713
  0.020652   0.999498  0.0240364    145.051
 -0.245298 -0.0182412   0.969276    -301.97
         0          0          0          1

<-Total transform 35->iterations: 2#
  0.969323 -0.0261969    0.24439    460.602
 0.0194546   0.999362   0.029962    155.297
 -0.245019 -0.0242884   0.969214   -312.552
         0          0          0          1

<-Total transform 36->iterations: 11#
  0.967839 -0.0260897   0.250214    471.743
 0.0192003   0.999367  0.0299357    154.893
 -0.250837 -0.0241688   0.967728   -321.237
         0          0          0          1

<-Total transform 37->iterations: 2#
  0.966818 -0.0271733   0.254017     477.83
 0.0198473   0.999311  0.0313595     159.25
 -0.254695 -0.0252774   0.966691   -325.304
         0          0          0          1

<-Total transform 38->iterations: 2#
  0.964024 -0.0284249   0.264291     486.15
 0.0201039   0.999215  0.0341364    166.544
 -0.265054 -0.0275951   0.963839   -341.955
         0          0          0          1

<-Total transform 39->iterations: 7#
  0.962631 -0.0282664   0.269338    510.549
 0.0193094   0.999171  0.0358476    164.997
 -0.270128 -0.0293073   0.962378   -363.317
         0          0          0          1

<-Total transform 40->iterations: 3#
  0.961521 -0.0277341   0.273327    533.105
 0.0183752   0.999156  0.0367418    158.775
 -0.274115 -0.0303056   0.961219   -379.607
         0          0          0          1

<-Total transform 41->iterations: 14#
  0.959573 -0.0258047   0.280275    541.474
  0.015925   0.999171  0.0374706    153.721
  -0.28101 -0.0314924   0.959188   -395.655
         0          0          0          1

<-Total transform 42->iterations: 3#
    0.9574 -0.0237235   0.287787    559.798
 0.0130308   0.999154   0.039014    137.455
 -0.288469 -0.0336019   0.956899   -405.993
         0          0          0          1

<-Total transform 43->iterations: 2#
  0.957632 -0.0246043   0.286941    574.867
 0.0129599   0.999016  0.0424104     145.97
 -0.287703 -0.0368949   0.957009   -409.823
         0          0          0          1

<-Total transform 44->iterations: 2#
  0.955341 -0.0269599   0.294273    574.204
 0.0140642   0.998849  0.0458512    147.634
 -0.295171 -0.0396648   0.954621   -415.756
         0          0          0          1

<-Total transform 45->iterations: 2#
  0.951865 -0.0273086     0.3053    580.409
 0.0133596   0.998773  0.0476861    146.589
 -0.306227  -0.041312   0.951062   -432.383
         0          0          0          1

<-Total transform 46->iterations: 6#
  0.952006 -0.0261641    0.30496    593.375
 0.0102388   0.998504  0.0537041    139.484
 -0.305909 -0.0480042    0.95085   -439.498
         0          0          0          1

<-Total transform 47->iterations: 4#
  0.952747  -0.024899   0.302741    615.133
 0.0071459   0.998196  0.0596081    136.755
 -0.303679 -0.0546281   0.951207   -450.466
         0          0          0          1

<-Total transform 48->iterations: 35#
  0.948965 -0.0247184    0.31441    620.482
0.00648138   0.998242  0.0589179    137.293
 -0.315313 -0.0538733   0.947457   -470.745
         0          0          0          1

<-Total transform 49->iterations: 26#
  0.924536 -0.0462111   0.378284    690.703
 0.0151633   0.996296  0.0846477    157.433
 -0.380794 -0.0725238   0.921811   -580.825
         0          0          0          1

<-Total transform 50->iterations: 4#
  0.916034 -0.0479001    0.39823    705.003
 0.0169421   0.996578  0.0808996    168.243
 -0.400743 -0.0673599   0.913711   -617.219
         0          0          0          1

<-Total transform 51->iterations: 3#
   0.91542 -0.0522787   0.399091    732.718
 0.0194541   0.996117  0.0858626    182.028
  -0.40203 -0.0708363   0.912882     -648.8
         0          0          0          1

<-Total transform 52->iterations: 5#
  0.913522 -0.0566639   0.402824    739.491
 0.0229361    0.99585  0.0880687     185.28
 -0.406143 -0.0712134   0.911031    -659.83
         0          0          0          1

<-Total transform 53->iterations: 2#
  0.905911 -0.0568536   0.419634    726.928
  0.023476   0.996165  0.0842839    187.209
 -0.422817 -0.0665024   0.903772   -680.288
         0          0          0          1

<-Total transform 54->iterations: 2#
  0.904709 -0.0572278    0.42217    737.283
  0.021776   0.995853  0.0883282    194.364
 -0.425474 -0.0707181   0.902203   -686.528
         0          0          0          1

<-Total transform 55->iterations: 30#
  0.910074 -0.0572141   0.410477    753.414
 0.0194927   0.995238  0.0955031    195.796
 -0.413987 -0.0789136   0.906856   -679.432
         0          0          0          1

<-Total transform 56->iterations: 28#
  0.908813 -0.0576778   0.413198    754.761
  0.020245   0.995328  0.0944084    197.162
 -0.416713 -0.0774343   0.905734   -691.712
         0          0          0          1

<-Total transform 57->iterations: 17#
  0.905697 -0.0587619   0.419833    744.435
 0.0204307   0.995246  0.0952249    196.421
 -0.423432 -0.0776674   0.902592   -718.539
         0          0          0          1

<-Total transform 58->iterations: 2#
  0.904165 -0.0601741   0.422923    750.348
 0.0202094   0.994946  0.0983568    205.233
 -0.426704 -0.0803838   0.900812   -726.744
         0          0          0          1

<-Total transform 59->iterations: 4#
  0.900349 -0.0622254   0.430696    751.184
 0.0217373   0.994919  0.0983014    208.986
 -0.434625 -0.0791434   0.897127   -738.133
         0          0          0          1

<-Total transform 60->iterations: 50#
  0.895708  -0.062979   0.440161    755.959
 0.0222047   0.995019  0.0971835    208.678
 -0.444089 -0.0772744   0.892644   -751.141
         0          0          0          1

<-Total transform 61->iterations: 2#
  0.896136 -0.0637487   0.439178     768.99
 0.0214948   0.994702   0.100526    218.276
  -0.44326 -0.0806446   0.892758   -757.432
         0          0          0          1

<-Total transform 62->iterations: 6#
   0.89433 -0.0644054   0.442748    771.585
 0.0213676   0.994604   0.101521    218.422
 -0.446897 -0.0813329    0.89088   -764.765
         0          0          0          1

<-Total transform 63->iterations: 95#
  0.892713 -0.0651345   0.445894    774.868
 0.0216933   0.994563    0.10185    220.185
 -0.450104 -0.0812501   0.889272   -775.468
         0          0          0          1

<-Total transform 64->iterations: 2#
  0.889513 -0.0661642   0.452094    776.392
 0.0217382   0.994468    0.10277    221.639
 -0.456392 -0.0815876    0.88603   -784.008
         0          0          0          1

<-Total transform 65->iterations: 2#
  0.886045 -0.0683015    0.45854    777.044
  0.022362   0.994233   0.104885    229.815
  -0.46306 -0.0826785   0.882462   -795.545
         0          0          0          1

<-Total transform 66->iterations: 2#
  0.884185 -0.0692499   0.461976    785.615
  0.021987   0.994024   0.106922    234.197
  -0.46662 -0.0843813   0.880424    -805.58
         0          0          0          1

<-Total transform 67->iterations: 3#
  0.882727 -0.0688177    0.46482    797.283
  0.020185   0.993858    0.10881    228.689
 -0.469453 -0.0866672   0.878694   -816.992
         0          0          0          1

<-Total transform 68->iterations: 12#
  0.880913 -0.0682193   0.468336    800.071
 0.0181506   0.993699   0.110605    229.648
  -0.47293 -0.0889328     0.8766   -826.427
         0          0          0          1

<-Total transform 69->iterations: 24#
  0.879598 -0.0687773   0.470719    809.712
 0.0184363   0.993679   0.110737    231.341
  -0.47536 -0.0887257   0.875306   -835.263
         0          0          0          1

<-Total transform 70->iterations: 4#
  0.875519 -0.0698341   0.478111    808.473
 0.0186079    0.99364   0.111059      232.6
 -0.482825 -0.0883374    0.87125   -847.295
         0          0          0          1

<-Total transform 71->iterations: 30#
  0.874902 -0.0702588   0.479177    817.792
 0.0171357   0.993292   0.114353     233.49
 -0.483997 -0.0918367   0.870237   -860.668
         0          0          0          1

<-Total transform 72->iterations: 2#
  0.874114 -0.0703703   0.480596    827.071
 0.0162241   0.993127   0.115908    232.978
 -0.485449 -0.0935196   0.869249   -868.298
         0          0          0          1

<-Total transform 73->iterations: 4#
  0.870807 -0.0717394   0.486362    827.822
 0.0180245    0.99329    0.11424     235.59
 -0.491294 -0.0907149   0.866257   -873.737
         0          0          0          1

<-Total transform 74->iterations: 6#
   0.86701 -0.0752849    0.49257      833.1
 0.0206743   0.993104   0.115396    239.889
 -0.497861 -0.0898664   0.862588   -888.536
         0          0          0          1

<-Total transform 75->iterations: 5#
   0.86348 -0.0779711   0.498319    839.421
 0.0219453   0.992851   0.117323    241.805
 -0.503905 -0.0903704   0.859019   -913.021
         0          0          0          1

<-Total transform 76->iterations: 27#
  0.860276  -0.078064   0.503817      842.9
 0.0216876   0.992917   0.116816    239.603
 -0.509367 -0.0895672   0.855875   -927.062
         0          0          0          1

<-Total transform 77->iterations: 32#
  0.858387 -0.0782118   0.507005    852.347
 0.0211993   0.992874   0.117271    238.086
 -0.512564 -0.0899161   0.853928   -938.803
         0          0          0          1

<-Total transform 78->iterations: 2#
  0.856243 -0.0791954   0.510467    856.113
  0.021177   0.992729   0.118493    241.034
  -0.51614 -0.0906489   0.851694   -946.167
         0          0          0          1

<-Total transform 79->iterations: 23#
  0.852683 -0.0808447   0.516136    854.119
 0.0225985   0.992737   0.118163    245.607
  -0.52194 -0.0890916   0.848317   -953.554
         0          0          0          1

<-Total transform 80->iterations: 40#
  0.849388 -0.0819157   0.521373    854.551
 0.0232707   0.992733   0.118062    247.831
 -0.527256  -0.088148   0.845122   -958.962
         0          0          0          1

<-Total transform 81->iterations: 4#
  0.845623 -0.0831528   0.527264     858.66
 0.0231205    0.99257   0.119454    251.257
  -0.53328 -0.0888224   0.841263   -966.101
         0          0          0          1

<-Total transform 82->iterations: 2#
  0.841076 -0.0847885    0.53423    858.589
 0.0239601   0.992509   0.119801    256.815
 -0.540385 -0.0879613   0.836807   -977.309
         0          0          0          1

<-Total transform 83->iterations: 4#
  0.838246 -0.0852996    0.53858    870.149
 0.0238974   0.992487   0.119995    257.662
 -0.544769 -0.0877145   0.833986   -986.324
         0          0          0          1

<-Total transform 84->iterations: 30#
   0.83554   -0.08602   0.542655    876.829
 0.0225484   0.992205   0.122563     255.78
 -0.548967 -0.0901701   0.830966   -999.931
         0          0          0          1

<-Total transform 85->iterations: 9#
  0.831288 -0.0882877   0.548786    875.461
 0.0229431   0.991914   0.124824    258.215
 -0.555369 -0.0911735   0.826591   -1009.51
         0          0          0          1

<-Total transform 86->iterations: 2#
  0.828633   -0.08974   0.552553    881.542
  0.023393   0.991756    0.12599    264.009
 -0.559304 -0.0914733     0.8239   -1018.87
         0          0          0          1

<-Total transform 87->iterations: 7#
  0.826151 -0.0885187   0.556451    894.002
 0.0204978    0.99165   0.127316    261.115
 -0.563075 -0.0937765   0.821068   -1031.33
         0          0          0          1

<-Total transform 88->iterations: 22#
  0.822026 -0.0876456   0.562665    899.155
 0.0175692   0.991518    0.12878    256.251
 -0.569179 -0.0959745   0.816593   -1048.23
         0          0          0          1

<-Total transform 89->iterations: 14#
   0.82068 -0.0876085   0.564631    914.906
 0.0158034   0.991278   0.130837    253.216
 -0.571169 -0.0984526   0.814907   -1053.83
         0          0          0          1

<-Total transform 90->iterations: 3#
 0.815523 -0.088047  0.571988   917.312
0.0137818  0.991033  0.132902   248.959
 -0.57856 -0.100501  0.809424  -1069.82
        0         0         0         1

<-Total transform 91->iterations: 4#
  0.806692 -0.0887982   0.584263    921.224
 0.0105367   0.990651   0.136014    236.912
 -0.590878  -0.103565   0.800086   -1100.94
         0          0          0          1

<-Total transform 92->iterations: 3#
  0.802058 -0.0891696   0.590552    932.853
0.00818328    0.99034   0.138421    232.668
  -0.59719  -0.106189   0.795039   -1122.58
         0          0          0          1

<-Total transform 93->iterations: 15#
  0.801759 -0.0887984   0.591014    956.856
0.00515081    0.98989   0.141741    230.905
 -0.597626  -0.110598   0.794111   -1127.71
         0          0          0          1

<-Total transform 94->iterations: 12#
  0.793534  -0.088039   0.602124    950.974
0.00268682   0.989976   0.141208     234.35
  -0.60852  -0.110435   0.785816   -1140.29
         0          0          0          1

<-Total transform 95->iterations: 4#
  0.788191 -0.0878581   0.609127    960.749
0.00230626   0.990172   0.139834    228.078
 -0.615426  -0.108811   0.780647   -1160.52
         0          0          0          1

<-Total transform 96->iterations: 6#
   0.787449  -0.0883056    0.610022     980.271
0.000768665    0.989824    0.142293       231.1
   -0.61638   -0.111579    0.779504    -1169.17
          0           0           0           1

<-Total transform 97->iterations: 7#
   0.779387  -0.0866692    0.620519     973.606
-0.00318246    0.989826    0.142248     229.355
  -0.626534   -0.112841    0.771182    -1187.07
          0           0           0           1

<-Total transform 98->iterations: 15#
   0.770182  -0.0848778    0.632152     970.483
-0.00551134    0.990184    0.139665     221.799
  -0.637801   -0.111051    0.762153    -1195.41
          0           0           0           1

<-Total transform 99->iterations: 2#
   0.769092  -0.0863945    0.633272     986.307
-0.00699393    0.989625    0.143504     234.482
    -0.6391   -0.114797    0.760508    -1202.17
          0           0           0           1

<-Total transform 100->iterations: 29#
  0.764948  -0.086622   0.638241    995.425
-0.0107527    0.98906   0.147122    222.329
 -0.644003  -0.119404   0.755648   -1218.86
         0          0          0          1

<-Total transform 101->iterations: 4#
  0.759981 -0.0874755   0.644032     992.89
-0.0124283   0.988764   0.148965    219.816
 -0.649827  -0.121214   0.750355   -1227.36
         0          0          0          1

<-Total transform 102->iterations: 2#
  0.753977 -0.0902773   0.650668    994.667
-0.0109001   0.988656   0.149802    229.657
  -0.65681   -0.12004    0.74444   -1240.06
         0          0          0          1

<-Total transform 103->iterations: 3#
   0.747556  -0.0945873    0.657429     992.419
-0.00928108    0.988224    0.152734     247.919
  -0.664134   -0.120279    0.737875    -1252.75
          0           0           0           1

<-Total transform 104->iterations: 2#
   0.739283  -0.0985602    0.666143      987.39
-0.00972952    0.987564    0.156914     262.135
  -0.673324   -0.122485    0.729131    -1273.08
          0           0           0           1

<-Total transform 105->iterations: 2#
    0.73381   -0.100808    0.671834     984.605
-0.00964127    0.987284    0.158672     268.361
  -0.679286   -0.122913    0.723507    -1283.96
          0           0           0           1

<-Total transform 106->iterations: 2#
   0.729421   -0.103534    0.676184     988.975
-0.00799179    0.987123    0.159764     282.488
  -0.684018   -0.121939    0.719201    -1295.61
          0           0           0           1

<-Total transform 107->iterations: 2#
   0.720369   -0.107159    0.685263     980.597
-0.00640155    0.986924    0.161062     295.749
  -0.693561   -0.120411    0.710263     -1313.2
          0           0           0           1

<-Total transform 108->iterations: 7#
    0.71091   -0.110996    0.694469     973.084
-0.00494235    0.986654    0.162755     305.207
  -0.703266   -0.119136    0.700873    -1325.59
          0           0           0           1

<-Total transform 109->iterations: 8#
   0.704399   -0.115401     0.70036     976.375
-0.00236234    0.986309    0.164894     321.615
    -0.7098   -0.117805    0.694483    -1344.58
          0           0           0           1

<-Total transform 110->iterations: 2#
   0.700397   -0.118571    0.703836      979.33
-0.00109311    0.985926    0.167181     334.047
  -0.713753   -0.117863    0.690409    -1354.98
          0           0           0           1

<-Total transform 111->iterations: 23#
    0.693278    -0.119639      0.71067      982.088
-0.000849183     0.985988     0.166815       332.27
    -0.72067    -0.116253     0.683462      -1366.6
           0            0            0            1

<-Total transform 112->iterations: 14#
  0.686807   -0.12166   0.716586    989.018
0.00108632   0.986063    0.16637    340.759
 -0.726839  -0.113485   0.677367   -1379.86
         0          0          0          1

<-Total transform 113->iterations: 2#
  0.679649  -0.124842   0.722836    986.423
0.00338244   0.985934   0.167101    361.595
 -0.733529  -0.111125   0.670512   -1390.25
         0          0          0          1

<-Total transform 114->iterations: 2#
  0.673064  -0.126653   0.728659    984.704
0.00323127   0.985722    0.16835      369.6
 -0.739578  -0.110956   0.663863   -1408.49
         0          0          0          1

<-Total transform 115->iterations: 2#
  0.670295  -0.128037   0.730966    991.447
0.00238716    0.98537    0.17041     380.34
 -0.742091   -0.11248   0.660795   -1412.07
         0          0          0          1

<-Total transform 116->iterations: 4#
  0.667503  -0.128609   0.733416    995.457
0.00222888   0.985311   0.170752     381.84
 -0.744604  -0.112343   0.657985   -1415.84
         0          0          0          1

<-Total transform 117->iterations: 29#
  0.658529  -0.129254   0.741372     988.71
0.00221306   0.985468   0.169845    378.767
 -0.752552  -0.110207   0.649246   -1431.75
         0          0          0          1

<-Total transform 118->iterations: 10#
   0.653991   -0.129853    0.745274      1002.9
0.000744458    0.985268    0.171016     371.613
  -0.756502   -0.111288    0.644453    -1461.34
          0           0           0           1

<-Total transform 119->iterations: 16#
    0.65332    -0.12993    0.745849      1004.6
-0.00182954    0.984889    0.173174      368.41
   -0.75708   -0.114503     0.64321     -1463.3
          0           0           0           1

<-Total transform 120->iterations: 9#
   0.649379   -0.128932    0.749456     1009.39
-0.00467917    0.984827    0.173478     368.058
  -0.760451    -0.11616    0.638922    -1468.22
          0           0           0           1

<-Total transform 121->iterations: 26#
   0.641623   -0.128858    0.756119     1006.28
-0.00323185    0.985324    0.170662     366.058
  -0.767014   -0.111944     0.63179    -1473.22
          0           0           0           1

<-Total transform 122->iterations: 69#
    0.63821    -0.13019    0.758774     1009.03
-0.00291529    0.985182    0.171489     370.709
  -0.769857   -0.111658    0.628373    -1472.65
          0           0           0           1

<-Total transform 123->iterations: 40#
   0.634211   -0.130552    0.762058     1014.58
-0.00577279    0.984814    0.173518     370.335
  -0.773138   -0.114446    0.623826    -1477.64
          0           0           0           1

<-Total transform 124->iterations: 9#
   0.631056   -0.128751    0.764978     1020.02
-0.00761288    0.985055    0.172071     368.345
    -0.7757    -0.11441    0.620645    -1482.44
          0           0           0           1

<-Total transform 125->iterations: 25#
    0.63096   -0.129477    0.764935     1030.05
-0.00895804    0.984694    0.174064     371.363
  -0.775764   -0.116679    0.620142    -1478.19
          0           0           0           1

<-Total transform 126->iterations: 4#
   0.62688  -0.130401   0.768126    1024.31
-0.0120476   0.984154   0.176907     371.67
 -0.779023  -0.120153   0.615375   -1484.61
         0          0          0          1

<-Total transform 127->iterations: 93#
 0.618444 -0.130028  0.774996   1017.23
-0.010897  0.984702  0.173908   372.722
-0.785753 -0.115997  0.607566  -1492.71
        0         0         0         1

<-Total transform 128->iterations: 11#
 0.612875 -0.130074    0.7794   1023.93
-0.010202  0.984974  0.172404    372.73
-0.790114 -0.113614  0.602339  -1499.32
        0         0         0         1

<-Total transform 129->iterations: 11#
  0.612762  -0.130738   0.779378    1038.07
-0.0144768   0.984198   0.176478    375.285
 -0.790135  -0.119422   0.601187   -1491.65
         0          0          0          1

<-Total transform 130->iterations: 39#
  0.607057  -0.129472    0.78404    1036.29
-0.0156273   0.984502   0.174675    381.398
 -0.794504   -0.11829   0.595626   -1499.65
         0          0          0          1

<-Total transform 131->iterations: 26#
  0.597233  -0.128403   0.791723    1035.28
-0.0144155   0.985225    0.17066    383.433
 -0.801938  -0.113337   0.586558   -1501.84
         0          0          0          1

<-Total transform 132->iterations: 31#
  0.593357  -0.128116   0.794679    1049.41
-0.0154734   0.985255   0.170394    381.691
 -0.804791  -0.113401   0.582625   -1497.23
         0          0          0          1

<-Total transform 133->iterations: 16#
  0.590042  -0.125792   0.797513    1065.62
-0.0187719   0.985384   0.169313    374.732
 -0.807154  -0.114873   0.579056   -1499.52
         0          0          0          1

<-Total transform 134->iterations: 18#
  0.586525  -0.122861   0.800558    1075.05
-0.0212788   0.985749   0.166873    369.014
 -0.809651   -0.11491   0.575552   -1498.89
         0          0          0          1

<-Total transform 135->iterations: 3#
  0.579746  -0.121356   0.805709     1079.8
-0.0215405   0.986218   0.164044    356.521
 -0.814513  -0.112459   0.569142   -1500.34
         0          0          0          1

<-Total transform 136->iterations: 4#
 0.572726 -0.122203  0.810587   1082.85
 -0.01921  0.986554  0.162304    355.15
-0.819522 -0.108527  0.562677  -1504.19
        0         0         0         1

<-Total transform 137->iterations: 5#
  0.567806  -0.122859   0.813942    1099.36
-0.0177058   0.986747   0.161294    345.866
 -0.822972  -0.105996   0.558106   -1508.58
         0          0          0          1

<-Total transform 138->iterations: 4#
 0.558584 -0.123073  0.820266   1103.09
-0.016608  0.987073  0.159411   332.671
-0.829281 -0.102667  0.549319  -1519.64
        0         0         0         1

<-Total transform 139->iterations: 3#
  0.548281  -0.124593   0.826961    1100.46
-0.0163743   0.987051   0.159569    339.391
 -0.836134   -0.10103   0.539141   -1534.99
         0          0          0          1

<-Total transform 140->iterations: 2#
  0.544367  -0.125997    0.82933    1104.02
-0.0172565   0.986764   0.161242    345.502
 -0.838669  -0.102086   0.534988   -1542.15
         0          0          0          1

<-Total transform 141->iterations: 34#
  0.541759  -0.126438    0.83097    1117.71
-0.0181552    0.98663    0.16196    347.156
 -0.840338   -0.10283    0.53222   -1548.71
         0          0          0          1

<-Total transform 142->iterations: 19#
   0.53644  -0.126754   0.834366    1115.94
-0.0193144   0.986554   0.162291    350.312
 -0.843718  -0.103175   0.526779   -1552.77
         0          0          0          1

<-Total transform 143->iterations: 28#
  0.526785  -0.127667   0.840356    1108.58
-0.0188601   0.986657   0.161716    348.873
 -0.849789  -0.101038   0.517348   -1564.37
         0          0          0          1

<-Total transform 144->iterations: 9#
   0.52112  -0.127929   0.843841    1118.13
-0.0186791   0.986756   0.161131    344.093
 -0.853279 -0.0997309   0.511829   -1568.63
         0          0          0          1

<-Total transform 145->iterations: 12#
  0.518928  -0.127829   0.845206    1134.58
-0.0198678   0.986685   0.161424    339.748
 -0.854587   -0.10056   0.509478   -1568.36
         0          0          0          1

<-Total transform 146->iterations: 34#
  0.512275  -0.127895   0.849245    1129.47
-0.0206865   0.986725   0.161077    336.306
 -0.858573  -0.100084   0.502828   -1576.21
         0          0          0          1

<-Total transform 147->iterations: 34#
  0.505521  -0.127243    0.85338    1126.91
-0.0223808   0.986799   0.160394    331.223
 -0.862524  -0.100182      0.496   -1583.73
         0          0          0          1

<-Total transform 148->iterations: 15#
  0.503705  -0.127038   0.854484     1139.2
-0.0243532   0.986647   0.161043    327.631
 -0.863533  -0.101927   0.493885    -1585.2
         0          0          0          1

<-Total transform 149->iterations: 26#
  0.501447  -0.126417   0.855903    1150.28
-0.0274946    0.98644   0.161805    319.467
 -0.864751   -0.10467   0.491172   -1588.73
         0          0          0          1

<-Total transform 150->iterations: 20#
  0.495766  -0.124907   0.859426    1147.28
-0.0306986   0.986464   0.161079    320.806
 -0.867913  -0.106241   0.485221   -1593.29
         0          0          0          1

<-Total transform 151->iterations: 4#
  0.489719  -0.123974   0.863021    1158.68
-0.0303166   0.986819    0.15896    315.301
 -0.871353   -0.10401   0.479506   -1597.78
         0          0          0          1

<-Total transform 152->iterations: 13#
  0.487118  -0.124457   0.864423    1170.52
-0.0304463   0.986772   0.159229     317.16
 -0.872806  -0.103882   0.476885   -1601.77
         0          0          0          1

<-Total transform 153->iterations: 43#
  0.482075   -0.12464   0.867219    1177.09
-0.0315547   0.986717   0.159356    313.344
 -0.875561  -0.104187   0.471739   -1603.74
         0          0          0          1

<-Total transform 154->iterations: 3#
  0.473803  -0.123847   0.871879    1179.69
-0.0290158   0.987329   0.156014    305.556
 -0.880153 -0.0992181   0.464206   -1613.24
         0          0          0          1

<-Total transform 155->iterations: 5#
  0.469237  -0.123485   0.874396    1196.78
-0.0269039   0.987716   0.153926    294.512
 -0.882662 -0.0957523   0.460151   -1619.69
         0          0          0          1

<-Total transform 156->iterations: 12#
  0.467668  -0.122702   0.875346    1215.07
-0.0283765   0.987723   0.153615    282.586
 -0.883448 -0.0966801   0.458445   -1620.22
         0          0          0          1

<-Total transform 157->iterations: 6#
  0.460891  -0.121698   0.879073    1214.86
-0.0267077   0.988202   0.150809    280.399
 -0.887055 -0.0929844   0.452203   -1626.41
         0          0          0          1

<-Total transform 158->iterations: 18#
  0.451161  -0.120288   0.884299    1217.89
-0.0250063   0.988782   0.147258    283.386
 -0.892092 -0.0885501   0.443091   -1628.73
         0          0          0          1

<-Total transform 159->iterations: 14#
  0.445983  -0.118528   0.887158    1226.84
-0.0263562   0.989024   0.145387    272.516
 -0.894653 -0.0882224   0.437964   -1634.64
         0          0          0          1

<-Total transform 160->iterations: 10#
  0.439155  -0.116802   0.890786    1234.03
-0.0291323    0.98914    0.14406    270.165
 -0.897939 -0.0892153   0.430983   -1631.96
         0          0          0          1

<-Total transform 161->iterations: 11#
   0.43183  -0.114021   0.894719    1240.78
-0.0339413    0.98922   0.142446     264.88
 -0.901316 -0.0918804   0.423305   -1641.44
         0          0          0          1

<-Total transform 162->iterations: 35#
  0.424253  -0.111502   0.898653    1240.23
-0.0378958   0.989335   0.140644    260.847
 -0.904751 -0.0937239   0.415503   -1647.27
         0          0          0          1

<-Total transform 163->iterations: 28#
  0.412603  -0.108238   0.904458    1249.84
-0.0384456   0.989961   0.136009    252.011
 -0.910099 -0.0908902   0.404299   -1659.54
         0          0          0          1

<-Total transform 164->iterations: 4#
  0.401711  -0.104276    0.90981    1258.95
-0.0379598   0.990746   0.130313    236.743
 -0.914979 -0.0868843   0.394036   -1668.78
         0          0          0          1

<-Total transform 165->iterations: 4#
  0.396686  -0.103577   0.912092    1281.13
-0.0383348   0.990878   0.129196    221.528
 -0.917153 -0.0862153   0.389097   -1671.53
         0          0          0          1

<-Total transform 166->iterations: 4#
  0.390327  -0.102965   0.914901    1295.32
-0.0397406   0.990916   0.128475    207.876
 -0.919818 -0.0865058    0.38269   -1676.56
         0          0          0          1

<-Total transform 167->iterations: 3#
  0.379536  -0.101312   0.919613    1295.29
-0.0376055   0.991475   0.124749    196.114
 -0.924412 -0.0819293   0.372491   -1690.35
         0          0          0          1

<-Total transform 168->iterations: 6#
  0.373823  -0.100468   0.922043    1308.68
-0.0361882   0.991779   0.122738    190.327
 -0.926794 -0.0792493   0.367114   -1700.96
         0          0          0          1

<-Total transform 169->iterations: 4#
  0.373334  -0.100428   0.922245    1324.71
-0.0365188   0.991762   0.122781    187.089
 -0.926978 -0.0795175   0.366591   -1699.72
         0          0          0          1

<-Total transform 170->iterations: 25#
  0.366772 -0.0989614   0.925032    1319.67
 -0.037169   0.991973    0.12086    181.966
 -0.929568 -0.0787107    0.36015   -1709.78
         0          0          0          1

<-Total transform 171->iterations: 24#
  0.352612 -0.0961306   0.930819    1306.41
-0.0354689   0.992622    0.11595    184.934
 -0.935097 -0.0739003     0.3466    -1729.4
         0          0          0          1

<-Total transform 172->iterations: 10#
  0.345304 -0.0943137    0.93374    1306.24
-0.0349114   0.992958   0.113206    185.727
 -0.937841 -0.0716885    0.33958   -1736.56
         0          0          0          1

<-Total transform 173->iterations: 48#
  0.342414 -0.0919552   0.935039    1335.62
-0.0375592   0.993064   0.111416    173.461
 -0.938798 -0.0732696   0.336585   -1740.19
         0          0          0          1

<-Total transform 174->iterations: 7#
  0.334756 -0.0900211   0.937995    1333.71
-0.0383999   0.993296   0.109033    175.488
 -0.941522 -0.0725182   0.329055    -1748.4
         0          0          0          1

<-Total transform 175->iterations: 4#
  0.325384 -0.0890709   0.941378     1330.9
-0.0348107    0.99375   0.106058    178.517
 -0.944941 -0.0672798    0.32025   -1762.69
         0          0          0          1

<-Total transform 176->iterations: 31#
  0.316985 -0.0867225   0.944457    1340.14
-0.0337116   0.994151     0.1026    174.956
 -0.947831 -0.0643618   0.312207    -1773.4
         0          0          0          1

<-Total transform 177->iterations: 21#
  0.310733 -0.0842031    0.94676    1357.89
-0.0361185   0.994303   0.100286    160.617
 -0.949811 -0.0653577   0.305922   -1780.82
         0          0          0          1

<-Total transform 178->iterations: 7#
  0.304855 -0.0826926   0.948802    1371.32
-0.0375579   0.994405  0.0987347    159.261
 -0.951658 -0.0657348   0.300044   -1785.04
         0          0          0          1

<-Total transform 179->iterations: 8#
  0.303137 -0.0833915   0.949291    1383.99
-0.0380669   0.994309   0.099502     162.28
 -0.952186 -0.0662993   0.298238   -1788.96
         0          0          0          1

<-Total transform 180->iterations: 19#
  0.297834 -0.0833514   0.950972    1385.31
-0.0385194    0.99432  0.0992147    159.217
  -0.95384 -0.0661804   0.292932   -1796.15
         0          0          0          1

<-Total transform 181->iterations: 44#
  0.289039 -0.0819903     0.9538    1382.85
-0.0407474   0.994369  0.0978258    149.485
  -0.95645 -0.0671404   0.284071    -1815.9
         0          0          0          1

<-Total transform 182->iterations: 3#
  0.285945 -0.0814088   0.954782    1402.53
-0.0429343   0.994296  0.0976362    135.963
 -0.957284 -0.0689115   0.280819   -1822.76
         0          0          0          1

<-Total transform 183->iterations: 2#
  0.286539 -0.0816344   0.954584    1411.45
-0.0442051   0.994176  0.0982893    134.273
 -0.957048 -0.0703612   0.281261   -1822.07
         0          0          0          1

<-Total transform 184->iterations: 27#
