<-Total transform 2->iterations: 6#
    0.999999  0.000712827   0.00153865      9.07881
-0.000713713            1  0.000575287     -4.46984
 -0.00153824 -0.000576384     0.999999     -5.87699
           0            0            0            1

<-Total transform 5->iterations: 12#
     0.999879   -0.00197514     0.0154502       31.1605
   0.00197352      0.999998   0.000120372       7.52439
   -0.0154504 -8.98663e-005      0.999881       -28.285
            0             0             0             1

<-Total transform 8->iterations: 6#
   0.999397 -0.00283744   0.0346051     62.1556
 0.00278969    0.999995   0.0014283     20.2294
  -0.034609  -0.0013309      0.9994    -51.5171
          0           0           0           1

<-Total transform 11->iterations: 8#
   0.997994 -0.00575083   0.0630531      91.628
  0.0056726    0.999983  0.00141961     38.1992
 -0.0630602 -0.00105909    0.998009    -105.828
          0           0           0           1

<-Total transform 14->iterations: 3#
   0.996876 -0.00752984   0.0786277     116.812
 0.00727143    0.999967  0.00357232     64.6468
 -0.0786521 -0.00298942    0.996898    -113.229
          0           0           0           1

<-Total transform 17->iterations: 2#
   0.995227  -0.0102767   0.0970479     132.154
 0.00992585    0.999942  0.00409737     88.7261
 -0.0970844 -0.00311453    0.995271    -116.448
          0           0           0           1

<-Total transform 20->iterations: 8#
   0.992852  -0.0138552    0.118541     161.856
  0.0132278    0.999894  0.00607855     111.153
  -0.118613 -0.00446707    0.992931    -150.266
          0           0           0           1

<-Total transform 23->iterations: 7#
     0.9906   -0.017672    0.135643     185.007
  0.0165678     0.99982  0.00926487      130.83
  -0.135782 -0.00693047    0.990714    -171.956
          0           0           0           1

<-Total transform 26->iterations: 5#
   0.985693  -0.0189533     0.16748     230.627
   0.017346    0.999788   0.0110548     162.588
  -0.167654 -0.00799154    0.985814    -204.864
          0           0           0           1

<-Total transform 29->iterations: 3#
   0.978436  -0.0228041    0.205286     243.822
  0.0204813      0.9997   0.0134329     176.792
   -0.20553 -0.00893874     0.97861    -202.014
          0           0           0           1

<-Total transform 32->iterations: 4#
  0.974322 -0.0214717   0.224133    298.669
 0.0173848   0.999645  0.0201922    191.029
 -0.224487 -0.0157772   0.974349   -225.716
         0          0          0          1

<-Total transform 35->iterations: 7#
  0.969323 -0.0261969    0.24439    334.421
 0.0194546   0.999362   0.029962      231.7
 -0.245019 -0.0242884   0.969214   -266.793
         0          0          0          1

<-Total transform 38->iterations: 2#
  0.964024 -0.0284249   0.264291    351.237
 0.0201039   0.999215  0.0341364    244.592
 -0.265054 -0.0275951   0.963839   -285.398
         0          0          0          1

<-Total transform 41->iterations: 6#
  0.959573 -0.0258047   0.280275    400.297
  0.015925   0.999171  0.0374706    263.418
  -0.28101 -0.0314924   0.959188   -336.209
         0          0          0          1

<-Total transform 44->iterations: 3#
  0.955341 -0.0269599   0.294273    435.679
 0.0140642   0.998849  0.0458512    261.054
 -0.295171 -0.0396648   0.954621   -355.582
         0          0          0          1

<-Total transform 47->iterations: 35#
  0.952747  -0.024899   0.302741    486.519
 0.0071459   0.998196  0.0596081    254.721
 -0.303679 -0.0546281   0.951207   -390.844
         0          0          0          1

<-Total transform 50->iterations: 4#
  0.916034 -0.0479001    0.39823    557.814
 0.0169421   0.996578  0.0808996    307.614
 -0.400743 -0.0673599   0.913711   -555.822
         0          0          0          1

<-Total transform 53->iterations: 4#
  0.905911 -0.0568536   0.419634    583.842
  0.023476   0.996165  0.0842839    317.395
 -0.422817 -0.0665024   0.903772   -617.076
         0          0          0          1

<-Total transform 56->iterations: 3#
  0.908813 -0.0576778   0.413198    617.189
  0.020245   0.995328  0.0944084    338.036
 -0.416713 -0.0774343   0.905734   -633.215
         0          0          0          1

<-Total transform 59->iterations: 2#
  0.900349 -0.0622254   0.430696    611.499
 0.0217373   0.994919  0.0983014    340.373
 -0.434625 -0.0791434   0.897127   -658.205
         0          0          0          1

<-Total transform 62->iterations: 2#
   0.89433 -0.0644054   0.442748    627.925
 0.0213676   0.994604   0.101521    361.261
 -0.446897 -0.0813329    0.89088   -681.538
         0          0          0          1

<-Total transform 65->iterations: 2#
  0.886045 -0.0683015    0.45854    625.485
  0.022362   0.994233   0.104885    367.845
  -0.46306 -0.0826785   0.882462   -705.854
         0          0          0          1

<-Total transform 68->iterations: 14#
  0.880913 -0.0682193   0.468336    649.987
 0.0181506   0.993699   0.110605    368.302
  -0.47293 -0.0889328     0.8766   -735.278
         0          0          0          1

<-Total transform 71->iterations: 2#
  0.874902 -0.0702588   0.479177    662.256
 0.0171357   0.993292   0.114353    380.568
 -0.483997 -0.0918367   0.870237   -758.252
         0          0          0          1

<-Total transform 74->iterations: 2#
   0.86701 -0.0752849    0.49257    667.516
 0.0206743   0.993104   0.115396    405.254
 -0.497861 -0.0898664   0.862588   -778.968
         0          0          0          1

<-Total transform 77->iterations: 2#
  0.858387 -0.0782118   0.507005    675.277
 0.0211993   0.992874   0.117271    422.923
 -0.512564 -0.0899161   0.853928   -811.848
         0          0          0          1

<-Total transform 80->iterations: 2#
  0.849388 -0.0819157   0.521373    676.087
 0.0232707   0.992733   0.118062    440.721
 -0.527256  -0.088148   0.845122   -834.332
         0          0          0          1

<-Total transform 83->iterations: 3#
  0.838246 -0.0852996    0.53858    683.791
 0.0238974   0.992487   0.119995    460.968
 -0.544769 -0.0877145   0.833986    -855.74
         0          0          0          1

<-Total transform 86->iterations: 2#
  0.828633   -0.08974   0.552553    690.178
  0.023393   0.991756    0.12599    482.502
 -0.559304 -0.0914733     0.8239   -886.995
         0          0          0          1

<-Total transform 89->iterations: 27#
   0.82068 -0.0876085   0.564631    720.022
 0.0158034   0.991278   0.130837    489.289
 -0.571169 -0.0984526   0.814907   -922.155
         0          0          0          1

<-Total transform 92->iterations: 45#
  0.802058 -0.0891696   0.590552    737.704
0.00818328    0.99034   0.138421    487.396
  -0.59719  -0.106189   0.795039   -980.325
         0          0          0          1

<-Total transform 95->iterations: 11#
  0.788191 -0.0878581   0.609127    764.697
0.00230626   0.990172   0.139834    495.537
 -0.615426  -0.108811   0.780647   -1004.76
         0          0          0          1

<-Total transform 98->iterations: 10#
   0.770182  -0.0848778    0.632152     778.049
-0.00551134    0.990184    0.139665     492.506
  -0.637801   -0.111051    0.762153    -1036.75
          0           0           0           1

<-Total transform 101->iterations: 17#
  0.759981 -0.0874755   0.644032      812.3
-0.0124283   0.988764   0.148965    484.224
 -0.649827  -0.121214   0.750355   -1086.02
         0          0          0          1

<-Total transform 104->iterations: 2#
   0.739283  -0.0985602    0.666143     798.883
-0.00972952    0.987564    0.156914     514.593
  -0.673324   -0.122485    0.729131    -1126.14
          0           0           0           1

<-Total transform 107->iterations: 2#
   0.720369   -0.107159    0.685263     787.388
-0.00640155    0.986924    0.161062     539.008
  -0.693561   -0.120411    0.710263    -1155.39
          0           0           0           1

<-Total transform 110->iterations: 6#
   0.700397   -0.118571    0.703836      803.94
-0.00109311    0.985926    0.167181     551.516
  -0.713753   -0.117863    0.690409    -1210.62
          0           0           0           1

<-Total transform 113->iterations: 8#
  0.679649  -0.124842   0.722836    799.449
0.00338244   0.985934   0.167101    573.514
 -0.733529  -0.111125   0.670512   -1253.16
         0          0          0          1

<-Total transform 116->iterations: 4#
  0.667503  -0.128609   0.733416    813.574
0.00222888   0.985311   0.170752    593.077
 -0.744604  -0.112343   0.657985   -1287.49
         0          0          0          1

<-Total transform 119->iterations: 8#
    0.65332    -0.12993    0.745849     821.982
-0.00182954    0.984889    0.173174     589.229
   -0.75708   -0.114503     0.64321    -1318.29
          0           0           0           1

<-Total transform 122->iterations: 10#
    0.63821    -0.13019    0.758774     824.986
-0.00291529    0.985182    0.171489     597.895
  -0.769857   -0.111658    0.628373     -1331.2
          0           0           0           1

<-Total transform 125->iterations: 36#
    0.63096   -0.129477    0.764935     852.659
-0.00895804    0.984694    0.174064     597.527
  -0.775764   -0.116679    0.620142    -1318.84
          0           0           0           1

<-Total transform 128->iterations: 13#
 0.612875 -0.130074    0.7794   850.081
-0.010202  0.984974  0.172404   607.318
-0.790114 -0.113614  0.602339  -1332.76
        0         0         0         1

<-Total transform 131->iterations: 4#
  0.597233  -0.128403   0.791723    873.288
-0.0144155   0.985225    0.17066    585.922
 -0.801938  -0.113337   0.586558   -1338.93
         0          0          0          1

<-Total transform 134->iterations: 54#
  0.586525  -0.122861   0.800558    914.268
-0.0212788   0.985749   0.166873    572.863
 -0.809651   -0.11491   0.575552   -1339.92
         0          0          0          1

<-Total transform 137->iterations: 51#
  0.567806  -0.122859   0.813942    930.418
-0.0177058   0.986747   0.161294     580.51
 -0.822972  -0.105996   0.558106   -1339.76
         0          0          0          1

<-Total transform 140->iterations: 19#
  0.544367  -0.125997    0.82933    933.447
-0.0172565   0.986764   0.161242    590.017
 -0.838669  -0.102086   0.534988   -1369.92
         0          0          0          1

<-Total transform 143->iterations: 4#
  0.526785  -0.127667   0.840356    939.889
-0.0188601   0.986657   0.161716    587.667
 -0.849789  -0.101038   0.517348   -1400.69
         0          0          0          1

<-Total transform 146->iterations: 4#
  0.512275  -0.127895   0.849245    966.212
-0.0206865   0.986725   0.161077    567.956
 -0.858573  -0.100084   0.502828   -1413.57
         0          0          0          1

<-Total transform 149->iterations: 14#
  0.501447  -0.126417   0.855903    997.205
-0.0274946    0.98644   0.161805    555.069
 -0.864751   -0.10467   0.491172   -1429.81
         0          0          0          1

<-Total transform 152->iterations: 25#
  0.487118  -0.124457   0.864423    1008.66
-0.0304463   0.986772   0.159229    556.993
 -0.872806  -0.103882   0.476885   -1445.77
         0          0          0          1

<-Total transform 155->iterations: 4#
  0.469237  -0.123485   0.874396    1031.84
-0.0269039   0.987716   0.153926    531.495
 -0.882662 -0.0957523   0.460151   -1459.87
         0          0          0          1

<-Total transform 158->iterations: 13#
  0.451161  -0.120288   0.884299    1049.93
-0.0250063   0.988782   0.147258    521.521
 -0.892092 -0.0885501   0.443091   -1477.67
         0          0          0          1

<-Total transform 161->iterations: 22#
   0.43183  -0.114021   0.894719    1076.47
-0.0339413    0.98922   0.142446    502.822
 -0.901316 -0.0918804   0.423305   -1493.75
         0          0          0          1

<-Total transform 164->iterations: 130#
  0.401711  -0.104276    0.90981    1084.17
-0.0379598   0.990746   0.130313    513.662
 -0.914979 -0.0868843   0.394036   -1519.88
         0          0          0          1

<-Total transform 167->iterations: 12#
  0.379536  -0.101312   0.919613    1109.18
-0.0376055   0.991475   0.124749      514.4
 -0.924412 -0.0819293   0.372491   -1528.69
         0          0          0          1

<-Total transform 170->iterations: 44#
  0.366772 -0.0989614   0.925032     1147.1
 -0.037169   0.991973    0.12086    503.365
 -0.929568 -0.0787107    0.36015    -1540.6
         0          0          0          1

<-Total transform 173->iterations: 12#
  0.342414 -0.0919552   0.935039    1175.08
-0.0375592   0.993064   0.111416    490.911
 -0.938798 -0.0732696   0.336585   -1565.97
         0          0          0          1

<-Total transform 176->iterations: 9#
  0.316985 -0.0867225   0.944457    1183.05
-0.0337116   0.994151     0.1026    489.416
 -0.947831 -0.0643618   0.312207   -1590.16
         0          0          0          1

<-Total transform 179->iterations: 45#
  0.303137 -0.0833915   0.949291    1230.09
-0.0380669   0.994309   0.099502    475.683
 -0.952186 -0.0662993   0.298238   -1600.64
         0          0          0          1

<-Total transform 182->iterations: 4#
  0.285945 -0.0814088   0.954782    1251.19
-0.0429343   0.994296  0.0976362    449.937
 -0.957284 -0.0689115   0.280819   -1625.71
         0          0          0          1

<-Total transform 185->iterations: 3#
   0.26939 -0.0800397   0.959699    1253.34
-0.0439305   0.994481   0.095272    435.344
 -0.962029 -0.0678254   0.264387   -1649.63
         0          0          0          1

<-Total transform 188->iterations: 32#
  0.260995 -0.0783957   0.962152    1275.19
-0.0469143   0.994489  0.0937567    424.677
 -0.964199 -0.0696087   0.255879   -1669.36
         0          0          0          1

<-Total transform 191->iterations: 25#
  0.255954 -0.0763479   0.963669    1293.52
-0.0484434   0.994611   0.091666    416.463
 -0.965474 -0.0701457   0.250876   -1677.01
         0          0          0          1

<-Total transform 194->iterations: 13#
  0.243857  -0.072794   0.967075    1320.09
-0.0532396    0.99467   0.088296    405.267
 -0.968349 -0.0730183   0.238682    -1695.7
         0          0          0          1

<-Total transform 197->iterations: 13#
  0.229098 -0.0652001   0.971217    1337.61
-0.0530539   0.995435  0.0793406    391.668
 -0.971956 -0.0697037   0.224593   -1718.54
         0          0          0          1

<-Total transform 200->iterations: 41#
  0.204561 -0.0564424   0.977225    1322.84
-0.0498402   0.996441  0.0679852    392.199
 -0.977584 -0.0626123    0.20102   -1756.12
         0          0          0          1

<-Total transform 203->iterations: 6#
  0.178875 -0.0543149   0.982371    1340.06
 -0.048023   0.996803  0.0638571    386.889
 -0.982699 -0.0585989   0.175695    -1791.8
         0          0          0          1

<-Total transform 206->iterations: 2#
   0.14518 -0.0542063   0.987919     1313.8
-0.0454546   0.997078  0.0613886    380.488
 -0.988361 -0.0538178   0.142292   -1851.17
         0          0          0          1

<-Total transform 209->iterations: 19#
  0.114909 -0.0535569   0.991931    1320.38
-0.0500385   0.996966  0.0596254    385.086
 -0.992115 -0.0564863   0.111881   -1895.21
         0          0          0          1

<-Total transform 212->iterations: 8#
  0.103181 -0.0501591   0.993397    1324.81
-0.0583195   0.996704  0.0563836    374.167
 -0.992951 -0.0637521   0.099916   -1938.88
         0          0          0          1

<-Total transform 215->iterations: 14#
 0.0795986 -0.0476666   0.995687    1304.94
-0.0593572   0.996857  0.0524679    364.151
 -0.995058 -0.0632775  0.0765191   -1986.72
         0          0          0          1

<-Total transform 218->iterations: 4#
  0.061224 -0.0453674   0.997092    1311.94
-0.0559606   0.997239  0.0488102    361.056
 -0.996554 -0.0587863  0.0585161   -2038.62
         0          0          0          1

<-Total transform 221->iterations: 14#
 0.0430694  -0.048964   0.997872    1304.35
-0.0570997   0.997045  0.0513879     379.54
 -0.997439 -0.0591914  0.0401463   -2072.59
         0          0          0          1

<-Total transform 224->iterations: 3#
 0.0346999 -0.0482229   0.998234    1305.08
-0.0599198   0.996938  0.0502432    369.604
   -0.9976 -0.0615574  0.0317042   -2101.41
         0          0          0          1

<-Total transform 227->iterations: 25#
 0.0301025 -0.0461612    0.99848    1315.23
-0.0640139   0.996793  0.0480131    352.061
 -0.997495 -0.0653619   0.027051   -2109.01
         0          0          0          1

<-Total transform 230->iterations: 2#
 0.0318439 -0.0469056   0.998392       1325
-0.0662454   0.996603  0.0489345    348.417
 -0.997295 -0.0676971  0.0286285   -2108.45
         0          0          0          1

