<-Total transform 9->iterations: 2, Init error: 23.3183, SBA error19.2159#
   0.999999 -0.00054806  0.00147712     6.91567
0.000550215    0.999999 -0.00145918     3.38257
-0.00147632  0.00145999    0.999998    -14.5073
          0           0           0           1

<-Total transform 17->iterations: 4, Init error: 90.2639, SBA error26.4543#
    0.999998   0.00010443   0.00208292      45.0289
-0.000100932     0.999999  -0.00167927     -22.5669
 -0.00208309   0.00167905     0.999996     -62.6238
           0            0            0            1

<-Total transform 25->iterations: 7, Init error: 206.351, SBA error111.017#
     0.999996  5.50538e-005    0.00278198       82.4584
-5.09885e-005      0.999999   -0.00146137      -21.4573
  -0.00278206    0.00146122      0.999995       -127.32
            0             0             0             1

<-Total transform 33->iterations: 2, Init error: 58.9761, SBA error57.7758#
   0.999988 0.000306154  0.00488023     89.1662
-0.00029168    0.999996  -0.0029664    -23.4445
-0.00488112  0.00296494    0.999984    -173.264
          0           0           0           1

<-Total transform 41->iterations: 15, Init error: 34.7362, SBA error29.4239#
    0.999936  0.000551619     0.011301      90.6867
-0.000513384     0.999994   -0.0033859     -23.4358
  -0.0113028   0.00337989      0.99993     -181.382
           0            0            0            1

<-Total transform 49->iterations: 3, Init error: 35.3572, SBA error12.3526#
    0.999906  0.000471537     0.013669      70.9935
-0.000427343     0.999995  -0.00323586     -22.9988
  -0.0136705   0.00322972     0.999901      -192.63
           0            0            0            1

<-Total transform 57->iterations: 35, Init error: 87.5256, SBA error43.2841#
    0.99984  0.00175185    0.017812     35.1049
-0.00168838    0.999992 -0.00357807    -4.90076
 -0.0178181  0.00354742    0.999835    -224.456
          0           0           0           1

<-Total transform 65->iterations: 27, Init error: 35.5286, SBA error27.8481#
   0.999728  0.00257429   0.0231839     23.1423
-0.00251007    0.999993 -0.00279859    -2.05443
 -0.0231909  0.00273964    0.999727    -274.329
          0           0           0           1

<-Total transform 73->iterations: 28, Init error: 130.467, SBA error106.871#
    0.999622  0.000888762    0.0274631      5.38211
-0.000818752     0.999996   -0.0025604     -9.26845
  -0.0274653   0.00253695      0.99962     -250.727
           0            0            0            1

<-Total transform 81->iterations: 2, Init error: 10.0083, SBA error9.0013#
    0.999493 -0.000414225     0.031821      1.71475
 0.000546132     0.999991  -0.00413673     -7.92282
   -0.031819   0.00415201     0.999485     -250.275
           0            0            0            1

<-Total transform 89->iterations: 43, Init error: 15.0668, SBA error12.5218#
    0.999399  0.000111973    0.0346586      3.50627
6.02154e-005     0.999988  -0.00496705     -7.67253
  -0.0346587   0.00496615     0.999387     -305.124
           0            0            0            1

<-Total transform 97->iterations: 3, Init error: 31.3387, SBA error25.5683#
    0.999285  0.000868602    0.0377868     0.779672
-0.000640119     0.999981  -0.00605832     -20.2909
  -0.0377914    0.0060298     0.999267     -345.792
           0            0            0            1

<-Total transform 105->iterations: 12, Init error: 57.0941, SBA error11.3833#
  0.999085 0.00177629   0.042735    34.1938
-0.0014271   0.999965 -0.0082002   -41.5093
-0.0427481 0.00813171   0.999053   -388.466
         0          0          0          1

<-Total transform 113->iterations: 2, Init error: 253.11, SBA error221.18#
     0.998842   0.000508281     0.0480995       41.4718
-4.68612e-005      0.999954   -0.00959367      -37.7638
   -0.0481021    0.00958031      0.998796      -407.891
            0             0             0             1

<-Total transform 121->iterations: 2, Init error: 55.7021, SBA error53.1307#
   0.998328 0.000239493   0.0577975     30.4989
0.000387611    0.999941  -0.0108386    -36.8567
 -0.0577967   0.0108428    0.998269    -432.461
          0           0           0           1

<-Total transform 129->iterations: 37, Init error: 33.9004, SBA error28.3133#
   0.997852 -0.00114557   0.0655021       25.66
 0.00194959    0.999924  -0.0122121    -36.3312
 -0.0654831   0.0123136    0.997778    -412.008
          0           0           0           1

<-Total transform 137->iterations: 2, Init error: 16.5508, SBA error13.0384#
   0.997162 -0.00502039   0.0751147     27.5527
 0.00601262    0.999898  -0.0129892    -33.0382
 -0.0750418    0.013404     0.99709    -451.281
          0           0           0           1

<-Total transform 145->iterations: 2, Init error: 29.4997, SBA error16.8237#
   0.996642 -0.00600563   0.0816592     34.4959
   0.007027    0.999901  -0.0122262    -26.8335
 -0.0815776   0.0127589    0.996585    -494.011
          0           0           0           1

<-Total transform 153->iterations: 2, Init error: 140.578, SBA error129.595#
   0.996078 -0.00628912   0.0882512     9.17508
 0.00745488    0.999889  -0.0128862    -26.0309
 -0.0881604   0.0134935    0.996015    -482.775
          0           0           0           1

<-Total transform 161->iterations: 19, Init error: 65.6864, SBA error22.3711#
  0.995422 -0.0082642  0.0952238   -23.9159
0.00968132   0.999849 -0.0144296   -29.3884
-0.0950902  0.0152854   0.995351   -496.557
         0          0          0          1

<-Total transform 169->iterations: 2, Init error: 18.1885, SBA error15.0519#
  0.994618 -0.0098415   0.103137   -23.2247
 0.0115038   0.999813 -0.0155353   -27.8518
 -0.102965  0.0166381   0.994546   -523.494
         0          0          0          1

<-Total transform 177->iterations: 2, Init error: 43.1005, SBA error25.7215#
  0.993733 -0.0109316    0.11124   -18.2978
  0.012883   0.999775 -0.0168391   -17.3931
 -0.111031  0.0181667   0.993651   -575.568
         0          0          0          1

<-Total transform 185->iterations: 2, Init error: 49.8418, SBA error42.786#
  0.992946 -0.0121378   0.117946   -21.3887
 0.0143601   0.999735 -0.0180097   -15.2566
 -0.117696  0.0195764   0.992857   -594.936
         0          0          0          1

<-Total transform 193->iterations: 2, Init error: 136.724, SBA error86.5521#
  0.992174 -0.0138684   0.124092   -7.51422
 0.0164319   0.999672  -0.019658    8.89259
 -0.123779  0.0215432   0.992076   -688.302
         0          0          0          1

<-Total transform 201->iterations: 2, Init error: 245.265, SBA error226.476#
  0.990943 -0.0152566   0.133416   -30.7112
 0.0184354   0.999574 -0.0226233    1.58154
 -0.133014   0.024878   0.990802   -685.742
         0          0          0          1

<-Total transform 209->iterations: 2, Init error: 453.763, SBA error380.839#
  0.990577 -0.0176052   0.135824   -87.8582
 0.0208335   0.999532 -0.0223833    8.62812
 -0.135366   0.025002    0.99048   -687.211
         0          0          0          1

<-Total transform 217->iterations: 19, Init error: 166.503, SBA error62.2878#
  0.990161 -0.0189479   0.138647   -131.063
 0.0222405   0.999505 -0.0222369    3.20185
 -0.138157  0.0251017   0.990092   -734.228
         0          0          0          1

<-Total transform 225->iterations: 8, Init error: 632.016, SBA error25.2782#
  0.989965 -0.0164991   0.140343   -187.841
  0.020203   0.999483 -0.0250076    73.3176
 -0.139858   0.027592   0.989787    -800.14
         0          0          0          1

<-Total transform 233->iterations: 3, Init error: 41.3359, SBA error26.1061#
   0.98949 -0.0143393   0.143885   -188.808
 0.0183632   0.999475 -0.0266771    58.4262
 -0.143427  0.0290389   0.989235   -880.067
         0          0          0          1

<-Total transform 241->iterations: 41, Init error: 35.2315, SBA error23.9621#
  0.988909 -0.0142773   0.147833   -197.088
 0.0183532   0.999487 -0.0262438    57.9017
 -0.147382  0.0286659   0.988664   -912.534
         0          0          0          1

<-Total transform 249->iterations: 3, Init error: 34.9901, SBA error21.2003#
  0.988542 -0.0127739   0.150404   -208.655
 0.0170515   0.999485 -0.0271855    50.0311
 -0.149979  0.0294386   0.988251   -962.663
         0          0          0          1

<-Total transform 257->iterations: 16, Init error: 79.2841, SBA error16.4617#
  0.988182   -0.01134   0.152864    -226.38
 0.0157502   0.999493 -0.0276701    26.6719
 -0.152473  0.0297508    0.98786   -1025.58
         0          0          0          1

<-Total transform 265->iterations: 28, Init error: 36.9804, SBA error18.5122#
  0.988146 -0.0113477   0.153097   -211.646
 0.0157489   0.999496 -0.0275657    26.4041
 -0.152707    0.02965   0.987827   -1062.14
         0          0          0          1

<-Total transform 273->iterations: 62, Init error: 261.057, SBA error211.925#
  0.987754  -0.010016   0.155699   -243.854
 0.0145222   0.999507 -0.0278311    49.3641
 -0.155343  0.0297514   0.987412    -1066.9
         0          0          0          1

<-Total transform 281->iterations: 16, Init error: 1346.26, SBA error898.654#
   0.987233 -0.00980212    0.158983    -321.423
  0.0144421    0.999502   -0.028056      51.472
  -0.158629   0.0299939    0.986883    -1100.46
          0           0           0           1

<-Total transform 289->iterations: 19, Init error: 568.846, SBA error394.095#
  0.986628 -0.0100779   0.162675   -382.158
 0.0148722   0.999489 -0.0282805     42.114
 -0.162307  0.0303217   0.986274   -1139.23
         0          0          0          1

<-Total transform 297->iterations: 26, Init error: 34.7887, SBA error28.9999#
   0.986092 -0.00994951    0.165903    -394.444
  0.0148874    0.999482   -0.028547     42.3537
  -0.165533   0.0306198    0.985729    -1149.66
          0           0           0           1

<-Total transform 305->iterations: 2, Init error: 28.4235, SBA error27.2666#
  0.985996 -0.0104779   0.166441   -398.791
 0.0153551   0.999489 -0.0280433    43.3814
 -0.166062  0.0302063   0.985653   -1152.04
         0          0          0          1

<-Total transform 313->iterations: 21, Init error: 74.2865, SBA error32.5062#
   0.985934 -0.00824819    0.166929    -394.858
  0.0133609    0.999475   -0.029528     21.1247
  -0.166598    0.031343    0.985527    -1164.67
          0           0           0           1

<-Total transform 321->iterations: 3, Init error: 194.776, SBA error103.571#
   0.985865 -0.00673279    0.167404    -343.805
  0.0120203     0.99946   -0.030592     1.74715
  -0.167107   0.0321718    0.985414    -1184.55
          0           0           0           1

<-Total transform 329->iterations: 6, Init error: 45.2528, SBA error22.9604#
 0.985826 -0.006852  0.167631  -339.488
0.0121738  0.999453  -0.03074   5.37353
-0.167329  0.032345   0.98537  -1160.65
        0         0         0         1

<-Total transform 337->iterations: 2, Init error: 373.955, SBA error329.64#
   0.985551 -0.00698841    0.169232    -363.813
  0.0124682    0.999431  -0.0313394     1.43161
  -0.168917   0.0329967    0.985078    -1141.37
          0           0           0           1

<-Total transform 345->iterations: 30, Init error: 429.926, SBA error157.489#
   0.985092 -0.00618573    0.171918    -423.754
  0.0119505      0.9994  -0.0325172     16.7161
  -0.171613    0.034087    0.984574    -1108.72
          0           0           0           1

<-Total transform 353->iterations: 3, Init error: 161.659, SBA error57.2524#
   0.984908 -0.00666561    0.172953    -465.674
  0.0125659    0.999375  -0.0330428     15.1518
  -0.172625   0.0347174    0.984376    -1111.87
          0           0           0           1

<-Total transform 361->iterations: 4, Init error: 293.14, SBA error115.654#
  0.984834  -0.007087   0.173354   -512.969
 0.0131283   0.999345 -0.0337278    11.7672
 -0.173002  0.0354921   0.984282   -1127.37
         0          0          0          1

<-Total transform 369->iterations: 5, Init error: 212.956, SBA error186.356#
   0.984506 -0.00680504    0.175218     -546.51
  0.0132981    0.999267    -0.03591     17.1498
  -0.174845   0.0376836    0.983875    -1110.27
          0           0           0           1

<-Total transform 377->iterations: 1, Init error: 139.198, SBA error139.198#
  0.984157 -0.0069214   0.177164   -548.702
 0.0138994   0.999174 -0.0381764    19.6393
 -0.176754   0.040034   0.983441   -1109.15
         0          0          0          1

<-Total transform 385->iterations: 24, Init error: 222.092, SBA error163.311#
   0.984109 -0.00770909    0.177396    -520.466
  0.0147325    0.999157  -0.0383087     22.2298
  -0.176951   0.0403134    0.983394    -1065.77
          0           0           0           1

<-Total transform 393->iterations: 21, Init error: 187.735, SBA error185.639#
  0.983936 -0.0072477   0.178375   -520.743
 0.0147265   0.999065 -0.0406393    24.9267
 -0.177914  0.0426133   0.983123   -1060.71
         0          0          0          1

<-Total transform 401->iterations: 20, Init error: 210.517, SBA error72.6721#
   0.984379 -0.00686561    0.175929    -566.263
  0.0140732     0.99911  -0.0397541     33.4035
  -0.175499    0.041609      0.9836    -1042.81
          0           0           0           1

<-Total transform 409->iterations: 1, Init error: 115, SBA error115#
   0.983706 -0.00565235    0.179694    -570.261
  0.0130029    0.999125  -0.0397546     33.8042
  -0.179312   0.0414434    0.982919    -1040.62
          0           0           0           1

<-Total transform 417->iterations: 20, Init error: 77.7103, SBA error65.6477#
   0.983129 -0.00917771    0.182686    -582.639
  0.0161879    0.999187   -0.036919     27.8556
  -0.182198   0.0392535    0.982478    -1057.03
          0           0           0           1

<-Total transform 425->iterations: 17, Init error: 34.6285, SBA error31.1931#
   0.982734 -0.00942064    0.184786    -594.005
  0.0162803    0.999232  -0.0356403     27.1037
  -0.184308   0.0380333    0.982132    -1058.56
          0           0           0           1

<-Total transform 433->iterations: 2, Init error: 186.24, SBA error170.026#
  0.982567 -0.0122167   0.185506   -586.112
 0.0184134   0.999327 -0.0317181    37.6297
 -0.184993   0.034581   0.982131   -1037.06
         0          0          0          1

<-Total transform 441->iterations: 2, Init error: 1275.64, SBA error1140.77#
  0.982746 -0.0153507   0.184322   -554.581
 0.0206998   0.999418 -0.0271314    76.0149
 -0.183798  0.0304787   0.982491   -981.665
         0          0          0          1

<-Total transform 449->iterations: 2, Init error: 177.254, SBA error168.936#
  0.981951 -0.0187763     0.1882   -546.119
 0.0236717   0.999436 -0.0237979    71.3363
 -0.187647  0.0278234   0.981842   -980.253
         0          0          0          1

<-Total transform 457->iterations: 2, Init error: 174.927, SBA error164.353#
  0.981553 -0.0191044   0.190231   -563.928
 0.0240659   0.999427 -0.0238052    67.0832
 -0.189667  0.0279442   0.981451   -967.344
         0          0          0          1

<-Total transform 465->iterations: 23, Init error: 93.6688, SBA error26.4379#
  0.981247 -0.0195534   0.191759   -595.155
  0.024331   0.999449 -0.0225913    64.1405
 -0.191211  0.0268333   0.981182   -951.311
         0          0          0          1

