<-One step transform 9->iterations: 2, Init error: 23.3183, SBA error19.2159#
   0.999999 -0.00054806  0.00147712     6.91567
0.000550215    0.999999 -0.00145918     3.38257
-0.00147632  0.00145999    0.999998    -14.5073
          0           0           0           1

<-One step transform 17->iterations: 4, Init error: 90.2639, SBA error26.4543#
           1  0.000651604  0.000606753      38.1198
-0.000651472            1 -0.000219122     -25.9482
-0.000606895  0.000218726            1      -48.113
           0            0            0            1

<-One step transform 25->iterations: 7, Init error: 206.351, SBA error111.017#
            1 -5.05495e-005   0.000698976       37.4722
 5.03973e-005             1   0.000217794       1.12102
 -0.000698987  -0.000217758             1      -64.6694
            0             0             0             1

<-One step transform 33->iterations: 2, Init error: 58.9761, SBA error57.7758#
    0.999998  0.000248034   0.00209863      6.98043
-0.000244877     0.999999  -0.00150436     -2.15861
   -0.002099   0.00150384     0.999997     -45.7392
           0            0            0            1

<-One step transform 41->iterations: 15, Init error: 34.7362, SBA error29.4239#
    0.999979  0.000226432   0.00642166      2.64037
 -0.00022375            1 -0.000418419   -0.0437717
 -0.00642175  0.000416973     0.999979     -7.53973
           0            0            0            1

<-One step transform 49->iterations: 3, Init error: 35.3572, SBA error12.3526#
     0.999997 -8.80841e-005    0.00236793      -19.2656
 8.77314e-005             1    0.00014906      0.456069
  -0.00236794  -0.000148852      0.999997      -11.0373
            0             0             0             1

<-One step transform 57->iterations: 35, Init error: 87.5256, SBA error43.2841#
    0.999991   0.00126693   0.00414759     -35.0599
  -0.0012656     0.999999 -0.000324939      18.1253
 -0.00414799  0.000319687     0.999991      -31.525
           0            0            0            1

<-One step transform 65->iterations: 27, Init error: 35.5286, SBA error27.8481#
    0.999985  0.000803393   0.00537588     -10.7515
-0.000807673     0.999999  0.000793992       3.0529
 -0.00537524 -0.000798322     0.999985     -49.6918
           0            0            0            1

<-One step transform 73->iterations: 28, Init error: 130.467, SBA error106.871#
    0.999989  -0.00169722   0.00427592     -16.5904
  0.00169639     0.999999  0.000198908     -7.19872
 -0.00427625 -0.000191652     0.999991      23.6981
           0            0            0            1

<-One step transform 81->iterations: 2, Init error: 10.0083, SBA error9.0013#
    0.99999 -0.00131403  0.00435643    -2.58721
 0.00132107    0.999998 -0.00161322    0.934028
 -0.0043543  0.00161896    0.999989    0.487248
          0           0           0           1

<-One step transform 89->iterations: 43, Init error: 15.0668, SBA error12.5218#
    0.999996  0.000514404   0.00284137      2.50673
-0.000512091            1 -0.000814452    0.0473201
 -0.00284179  0.000812994     0.999996     -54.8386
           0            0            0            1

<-One step transform 97->iterations: 3, Init error: 31.3387, SBA error25.5683#
    0.999995  0.000741074   0.00313396     -1.76465
-0.000737736     0.999999  -0.00106635     -12.9411
 -0.00313475   0.00106404     0.999995     -40.6503
           0            0            0            1

<-One step transform 105->iterations: 12, Init error: 57.0941, SBA error11.3833#
    0.999987  0.000877826   0.00495768      35.1462
-0.000867371     0.999997  -0.00211068     -21.9477
 -0.00495952   0.00210635     0.999985     -42.6322
           0            0            0            1

<-One step transform 113->iterations: 2, Init error: 253.11, SBA error221.18#
   0.999985 -0.00131161  0.00535939     9.30602
 0.00131941    0.999998 -0.00145125     3.13655
-0.00535748  0.00145829    0.999985    -19.1877
          0           0           0           1

<-One step transform 121->iterations: 2, Init error: 55.7021, SBA error53.1307#
    0.999953 -0.000361791    0.0097085     -7.02452
 0.000374084     0.999999  -0.00126441     0.375789
 -0.00970803   0.00126799     0.999952     -24.1386
           0            0            0            1

<-One step transform 129->iterations: 37, Init error: 33.9004, SBA error28.3133#
   0.999969 -0.00146867   0.0077038    -1.56056
 0.00147998    0.999998 -0.00146166   -0.151775
-0.00770164  0.00147302    0.999969     20.7286
          0           0           0           1

<-One step transform 137->iterations: 2, Init error: 16.5508, SBA error13.0384#
   0.999946 -0.00399326  0.00958871     5.69963
 0.00400343    0.999991  -0.0010417     2.76072
-0.00958447  0.00108003    0.999953     -39.007
          0           0           0           1

<-One step transform 145->iterations: 2, Init error: 29.4997, SBA error16.8237#
   0.999978 -0.00107327  0.00655124     9.86482
  0.0010688    0.999999 0.000684727     6.48429
-0.00655197 -0.00067771    0.999978     -42.582
          0           0           0           1

<-One step transform 153->iterations: 2, Init error: 140.578, SBA error129.595#
    0.999978 -0.000368019   0.00661189     -22.0636
 0.000372608            1  -0.00069282     0.447489
 -0.00661163  0.000695268     0.999978      11.4722
           0            0            0            1

<-One step transform 161->iterations: 19, Init error: 65.6864, SBA error22.3711#
   0.999974 -0.00206961  0.00697606    -29.7768
 0.00208176    0.999996 -0.00173407    -4.21392
-0.00697244  0.00174854    0.999974    -13.6849
          0           0           0           1

<-One step transform 169->iterations: 2, Init error: 18.1885, SBA error15.0519#
   0.999967 -0.00169902  0.00792842      4.5774
 0.00170918    0.999998  -0.0012744    0.944643
-0.00792624  0.00128791    0.999968    -27.1045
          0           0           0           1

<-One step transform 177->iterations: 2, Init error: 43.1005, SBA error25.7215#
   0.999966 -0.00122595   0.0081322     9.14915
 0.00123769    0.999998  -0.0014394      9.7339
-0.00813042  0.00144942    0.999966    -52.2409
          0           0           0           1

<-One step transform 185->iterations: 2, Init error: 49.8418, SBA error42.786#
   0.999976 -0.00132902  0.00672903    0.758557
 0.00133798    0.999998 -0.00132785     1.39666
-0.00672725  0.00133682    0.999976    -19.4815
          0           0           0           1

<-One step transform 193->iterations: 2, Init error: 136.724, SBA error86.5521#
   0.999979 -0.00185195  0.00615912     17.5101
 0.00186357    0.999996 -0.00188158     23.0696
-0.00615561  0.00189302    0.999979     -93.481
          0           0           0           1

<-One step transform 201->iterations: 2, Init error: 245.265, SBA error226.476#
   0.999955 -0.00159126  0.00937259     -16.732
 0.00162124    0.999994 -0.00319197    -9.49586
-0.00936745  0.00320703    0.999951     2.42796
          0           0           0           1

<-One step transform 209->iterations: 2, Init error: 453.763, SBA error380.839#
     0.999994    -0.0024088    0.00237558      -55.5143
     0.002409      0.999997 -8.21721e-005       7.06422
  -0.00237537  8.78944e-005      0.999997      -1.54464
            0             0             0             1

<-One step transform 217->iterations: 19, Init error: 166.503, SBA error62.2878#
     0.999995   -0.00141393    0.00281913      -41.2555
   0.00141406      0.999999 -4.61938e-005      -5.33377
  -0.00281906    5.018e-005      0.999996      -47.2673
            0             0             0             1

<-One step transform 225->iterations: 8, Init error: 632.016, SBA error25.2782#
   0.999996  0.00240551  0.00176766    -55.4883
-0.00240116    0.999994 -0.00246222     67.9932
-0.00177358  0.00245797    0.999995    -66.1562
          0           0           0           1

<-One step transform 233->iterations: 3, Init error: 41.3359, SBA error26.1061#
   0.999991   0.0020605  0.00363226     1.78595
-0.00205545    0.999997 -0.00139536    -16.3937
-0.00363512  0.00138788    0.999992     -80.717
          0           0           0           1

<-One step transform 241->iterations: 41, Init error: 35.2315, SBA error23.9621#
     0.999992 -5.39761e-005    0.00398992      -4.76694
 5.22593e-005             1   0.000430371     -0.135858
  -0.00398994  -0.000430159      0.999992      -33.2024
            0             0             0             1

<-One step transform 249->iterations: 3, Init error: 34.9901, SBA error21.2003#
    0.999995   0.00142845   0.00263899      -9.2425
  -0.0014265     0.999999 -0.000739269     -8.82622
 -0.00264004  0.000735501     0.999996     -50.6958
           0            0            0            1

<-One step transform 257->iterations: 16, Init error: 79.2841, SBA error16.4617#
    0.999996   0.00136006   0.00252767     -15.3602
 -0.00135935     0.999999 -0.000283498     -23.9157
 -0.00252805  0.000280061     0.999997     -63.4588
           0            0            0            1

<-One step transform 265->iterations: 28, Init error: 36.9804, SBA error18.5122#
            1 -1.46481e-005   0.000235509       14.9764
 1.46237e-005             1    0.00010346     -0.158422
 -0.000235511  -0.000103457             1      -36.6124
            0             0             0             1

<-One step transform 273->iterations: 62, Init error: 261.057, SBA error211.925#
     0.999996    0.00125313    0.00266925      -29.4077
  -0.00125293      0.999999 -7.45419e-005       22.6157
  -0.00266934  7.11972e-005      0.999996       -5.3301
            0             0             0             1

<-One step transform 281->iterations: 16, Init error: 1346.26, SBA error898.654#
    0.999994  0.000114769   0.00333084      -74.022
-0.000114071            1  -0.00020978      1.85624
 -0.00333087  0.000209399     0.999994     -34.3911
           0            0            0            1

<-One step transform 289->iterations: 19, Init error: 568.846, SBA error394.095#
    0.999993 -0.000387979   0.00373085     -56.6114
 0.000389064            1 -0.000290119     -9.55226
 -0.00373074  0.000291568     0.999993     -39.9928
           0            0            0            1

<-One step transform 297->iterations: 26, Init error: 34.7887, SBA error28.9999#
     0.999995  2.90953e-005    0.00327473      -8.55936
-2.82258e-005             1  -0.000265585    -0.0735765
  -0.00327474   0.000265491      0.999995      -11.6945
            0             0             0             1

<-One step transform 305->iterations: 2, Init error: 28.4235, SBA error27.2666#
           1 -0.000544863   0.00053017     -3.71425
 0.000544641            1  0.000419296      1.72459
-0.000530398 -0.000419008            1     -2.57095
           0            0            0            1

<-One step transform 313->iterations: 21, Init error: 74.2865, SBA error32.5062#
   0.999997   0.0022139 0.000558495     4.47993
-0.00221326    0.999997 -0.00113267    -24.4441
  -0.000561  0.00113143    0.999999    -12.9109
          0           0           0           1

<-One step transform 321->iterations: 3, Init error: 194.776, SBA error103.571#
    0.999999   0.00149968  0.000526547      51.6341
 -0.00149924     0.999999 -0.000825643     -20.9311
-0.000527785  0.000824852            1     -20.1045
           0            0            0            1

<-One step transform 329->iterations: 6, Init error: 45.2528, SBA error22.9604#
           1  -0.00012657  0.000226643      4.58547
 0.000126609            1 -0.000171726      3.46649
-0.000226621  0.000171754            1      23.8288
           0            0            0            1

<-One step transform 337->iterations: 2, Init error: 373.955, SBA error329.64#
    0.999999 -0.000188909   0.00161946     -22.4451
 0.000189947            1 -0.000640688     -4.62105
 -0.00161934  0.000640995     0.999998      18.7173
           0            0            0            1

<-One step transform 345->iterations: 30, Init error: 429.926, SBA error157.489#
    0.999996  0.000712336   0.00274954     -56.8049
-0.000709386     0.999999  -0.00107379      13.8008
  -0.0027503   0.00107184     0.999996      31.6491
           0            0            0            1

<-One step transform 353->iterations: 3, Init error: 161.659, SBA error57.2524#
    0.999999 -0.000515461    0.0010346     -40.7648
 0.000516107            1 -0.000623925     -2.03733
 -0.00103428  0.000624459     0.999999     -3.59881
           0            0            0            1

<-One step transform 361->iterations: 4, Init error: 293.14, SBA error115.654#
           1 -0.000435306   0.00039298      -46.852
  0.00043561            1 -0.000772408     -4.04061
-0.000392644  0.000772579            1     -15.7023
           0            0            0            1

<-One step transform 369->iterations: 5, Init error: 212.956, SBA error186.356#
    0.999998  0.000214616     0.001901      -31.401
-0.000210472     0.999998  -0.00218002      2.81697
 -0.00190146   0.00217962     0.999996      16.0997
           0            0            0            1

<-One step transform 377->iterations: 1, Init error: 139.198, SBA error139.198#
    0.999998 -0.000190822   0.00197194            0
 0.000195434     0.999997  -0.00233849            0
 -0.00197149   0.00233887     0.999995            0
           0            0            0            1

<-One step transform 385->iterations: 24, Init error: 222.092, SBA error163.311#
           1 -0.000796534  0.000204311      28.4781
  0.00079659            1 -0.000278023      2.71927
-0.000204089  0.000278185            1      43.2615
           0            0            0            1

<-One step transform 393->iterations: 21, Init error: 187.735, SBA error185.639#
    0.999999  0.000420924   0.00101255     0.791755
-0.000418599     0.999997  -0.00229461    0.0335975
 -0.00101351   0.00229419     0.999997      4.47036
           0            0            0            1

<-One step transform 401->iterations: 20, Init error: 210.517, SBA error72.6721#
    0.999997  0.000487691  -0.00246788     -48.1513
-0.000485253     0.999999  0.000988447      9.27253
  0.00246836 -0.000987247     0.999996      19.2091
           0            0            0            1

<-One step transform 409->iterations: 1, Init error: 115, SBA error115#
    0.999992   0.00105302   0.00387215            0
 -0.00105376     0.999999  0.000187887            0
 -0.00387195 -0.000191966     0.999992            0
           0            0            0            1

<-One step transform 417->iterations: 20, Init error: 77.7103, SBA error65.6477#
   0.999989 -0.00364872  0.00289794     -9.2445
  0.0036423    0.999991  0.00221864    -1.56254
  -0.002906 -0.00220806    0.999993    -18.0038
          0           0           0           1

<-One step transform 425->iterations: 17, Init error: 34.6285, SBA error31.1931#
    0.999998 -0.000326655   0.00212562     -9.11165
 0.000324017     0.999999   0.00124122     0.748973
 -0.00212602  -0.00124053     0.999997     -2.73262
           0            0            0            1

<-One step transform 433->iterations: 2, Init error: 186.24, SBA error170.026#
    0.999996  -0.00282231  0.000631639      8.63557
  0.00282011      0.99999   0.00346263      15.8668
-0.000641406  -0.00346083     0.999994      21.2008
           0            0            0            1

<-One step transform 441->iterations: 2, Init error: 1275.64, SBA error1140.77#
   0.999994   -0.003091 -0.00130398     30.2912
  0.0030963    0.999987  0.00408488     44.4367
 0.00129133 -0.00408889    0.999991     56.2981
          0           0           0           1

<-One step transform 449->iterations: 2, Init error: 177.254, SBA error168.936#
   0.999986 -0.00354531  0.00385168     12.5051
 0.00353481     0.99999  0.00272949  -0.0380651
-0.00386132 -0.00271584    0.999989   -0.533968
          0           0           0           1

<-One step transform 457->iterations: 2, Init error: 174.927, SBA error164.353#
     0.999998  -0.000385698    0.00205995      -15.7632
  0.000385866             1 -8.13798e-005      -4.12208
  -0.00205992  8.21745e-005      0.999998       11.7766
            0             0             0             1

<-One step transform 465->iterations: 23, Init error: 93.6688, SBA error26.4379#
    0.999999 -0.000492482   0.00154486     -29.6998
 0.000490718     0.999999   0.00114174     -1.56155
 -0.00154542  -0.00114098     0.999998      15.2362
           0            0            0            1

