<-One step transform 2->iterations: 19, Init error: 8.10136, SBA error7.36141#
   0.999999 -0.00054806  0.00147712    0.676438
0.000550215    0.999999 -0.00145918    0.961235
-0.00147632  0.00145999    0.999998    -2.60446
          0           0           0           1

<-One step transform 3->iterations: 30, Init error: 7.56443, SBA error4.75794#
           1  0.000651604  0.000606753       4.8622
-0.000651472            1 -0.000219122      -5.2672
-0.000606895  0.000218726            1     -6.02633
           0            0            0            1

<-One step transform 4->iterations: 5, Init error: 8.01389, SBA error6.77512#
            1 -5.05495e-005   0.000698976      0.500592
 5.03973e-005             1   0.000217794       0.18143
 -0.000698987  -0.000217758             1      -4.71328
            0             0             0             1

<-One step transform 5->iterations: 23, Init error: 337.569, SBA error193.805#
    0.999998  0.000248034   0.00209863      5.81382
-0.000244877     0.999999  -0.00150436     -2.62498
   -0.002099   0.00150384     0.999997      35.2184
           0            0            0            1

<-One step transform 6->iterations: 3, Init error: 7.01288, SBA error4.79514#
    0.999979  0.000226432   0.00642166     0.265137
 -0.00022375            1 -0.000418419     -1.07673
 -0.00642175  0.000416973     0.999979     -4.20785
           0            0            0            1

<-One step transform 7->iterations: 2, Init error: 8.40072, SBA error6.93966#
     0.999997 -8.80841e-005    0.00236793       3.93095
 8.77314e-005             1    0.00014906      0.372988
  -0.00236794  -0.000148852      0.999997      -9.06981
            0             0             0             1

<-One step transform 8->iterations: 23, Init error: 11.3838, SBA error7.02919#
    0.999991   0.00126693   0.00414759      7.53409
  -0.0012656     0.999999 -0.000324939      -2.7009
 -0.00414799  0.000319687     0.999991     -2.89954
           0            0            0            1

<-One step transform 9->iterations: 21, Init error: 6.22234, SBA error4.70968#
    0.999985  0.000803393   0.00537588      1.25297
-0.000807673     0.999999  0.000793992     -2.02853
 -0.00537524 -0.000798322     0.999985     -2.62147
           0            0            0            1

<-One step transform 10->iterations: 8, Init error: 6.83062, SBA error5.75993#
    0.999989  -0.00169722   0.00427592       2.2218
  0.00169639     0.999999  0.000198908     0.260366
 -0.00427625 -0.000191652     0.999991    -0.366181
           0            0            0            1

<-One step transform 11->iterations: 2, Init error: 9.11227, SBA error8.88384#
    0.99999 -0.00131403  0.00435643     2.78674
 0.00132107    0.999998 -0.00161322     1.45253
 -0.0043543  0.00161896    0.999989    -6.67817
          0           0           0           1

<-One step transform 12->iterations: 23, Init error: 9.22336, SBA error6.43586#
    0.999996  0.000514404   0.00284137       4.0264
-0.000512091            1 -0.000814452     -1.82157
 -0.00284179  0.000812994     0.999996     -11.8822
           0            0            0            1

<-One step transform 13->iterations: 21, Init error: 9.33015, SBA error5.25304#
    0.999995  0.000741074   0.00313396      5.59254
-0.000737736     0.999999  -0.00106635     -6.09066
 -0.00313475   0.00106404     0.999995     -3.76066
           0            0            0            1

<-One step transform 14->iterations: 31, Init error: 9.43197, SBA error4.92503#
    0.999987  0.000877826   0.00495768      4.74536
-0.000867371     0.999997  -0.00211068      -4.4918
 -0.00495952   0.00210635     0.999985     0.478008
           0            0            0            1

<-One step transform 15->iterations: 39, Init error: 841.257, SBA error469.241#
   0.999985 -0.00131161  0.00535939    0.102789
 0.00131941    0.999998 -0.00145125   -0.921676
-0.00535748  0.00145829    0.999985     11.9016
          0           0           0           1

<-One step transform 16->iterations: 21, Init error: 130.461, SBA error79.7415#
    0.999953 -0.000361791    0.0097085      13.2718
 0.000374084     0.999999  -0.00126441     -7.41687
 -0.00970803   0.00126799     0.999952      20.1696
           0            0            0            1

<-One step transform 17->iterations: 42, Init error: 272.556, SBA error152.674#
   0.999969 -0.00146867   0.0077038     7.00743
 0.00147998    0.999998 -0.00146166     2.35309
-0.00770164  0.00147302    0.999969     24.1387
          0           0           0           1

<-One step transform 18->iterations: 8, Init error: 12.5875, SBA error7.843#
   0.999946 -0.00399326  0.00958871     6.04608
 0.00400343    0.999991  -0.0010417     3.56282
-0.00958447  0.00108003    0.999953     10.6504
          0           0           0           1

<-One step transform 19->iterations: 2, Init error: 9.11535, SBA error9.04027#
   0.999978 -0.00107327  0.00655124     3.92685
  0.0010688    0.999999 0.000684727     4.69444
-0.00655197 -0.00067771    0.999978    -9.66988
          0           0           0           1

<-One step transform 20->iterations: 29, Init error: 12.7656, SBA error9.21918#
    0.999978 -0.000368019   0.00661189      5.99431
 0.000372608            1  -0.00069282      1.87874
 -0.00661163  0.000695268     0.999978      15.0962
           0            0            0            1

<-One step transform 21->iterations: 82, Init error: 36.8779, SBA error34.5437#
   0.999974 -0.00206961  0.00697606     4.61282
 0.00208176    0.999996 -0.00173407      8.0813
-0.00697244  0.00174854    0.999974     14.4939
          0           0           0           1

<-One step transform 22->iterations: 6, Init error: 7.06934, SBA error6.9972#
   0.999967 -0.00169902  0.00792842   -0.976385
 0.00170918    0.999998  -0.0012744   0.0110109
-0.00792624  0.00128791    0.999968  -0.0731733
          0           0           0           1

<-One step transform 23->iterations: 2, Init error: 6.84231, SBA error6.63828#
   0.999966 -0.00122595   0.0081322     3.43204
 0.00123769    0.999998  -0.0014394      4.4669
-0.00813042  0.00144942    0.999966    -9.15091
          0           0           0           1

<-One step transform 24->iterations: 4, Init error: 15.6964, SBA error10.7958#
   0.999976 -0.00132902  0.00672903     6.25032
 0.00133798    0.999998 -0.00132785     9.87638
-0.00672725  0.00133682    0.999976     19.2317
          0           0           0           1

<-One step transform 25->iterations: 2, Init error: 19.6225, SBA error17.0909#
   0.999979 -0.00185195  0.00615912     4.11056
 0.00186357    0.999996 -0.00188158     8.19452
-0.00615561  0.00189302    0.999979     14.0342
          0           0           0           1

<-One step transform 26->iterations: 3, Init error: 26.5714, SBA error20.0654#
   0.999955 -0.00159126  0.00937259     3.31538
 0.00162124    0.999994 -0.00319197     5.16559
-0.00936745  0.00320703    0.999951     18.3805
          0           0           0           1

<-One step transform 27->iterations: 2, Init error: 19.0515, SBA error18.1085#
     0.999994    -0.0024088    0.00237558      0.833031
     0.002409      0.999997 -8.21721e-005       4.61942
  -0.00237537  8.78944e-005      0.999997       14.1709
            0             0             0             1

<-One step transform 28->iterations: 2, Init error: 18.278, SBA error16.6902#
     0.999995   -0.00141393    0.00281913       3.46544
   0.00141406      0.999999 -4.61938e-005       6.07741
  -0.00281906    5.018e-005      0.999996       9.74126
            0             0             0             1

<-One step transform 29->iterations: 46, Init error: 41.0246, SBA error29.9119#
   0.999996  0.00240551  0.00176766     7.91001
-0.00240116    0.999994 -0.00246222    0.736624
-0.00177358  0.00245797    0.999995     27.8089
          0           0           0           1

<-One step transform 30->iterations: 35, Init error: 7.84542, SBA error3.04493#
   0.999991   0.0020605  0.00363226      2.0422
-0.00205545    0.999997 -0.00139536    -4.78067
-0.00363512  0.00138788    0.999992      2.3385
          0           0           0           1

<-One step transform 31->iterations: 2, Init error: 8.01633, SBA error5.57722#
     0.999992 -5.39761e-005    0.00398992       2.07632
 5.22593e-005             1   0.000430371      0.189955
  -0.00398994  -0.000430159      0.999992       -2.3676
            0             0             0             1

<-One step transform 32->iterations: 6, Init error: 161.65, SBA error111.034#
    0.999995   0.00142845   0.00263899      16.9728
  -0.0014265     0.999999 -0.000739269     -6.82387
 -0.00264004  0.000735501     0.999996       15.995
           0            0            0            1

<-One step transform 33->iterations: 4, Init error: 17.052, SBA error10.9531#
    0.999996   0.00136006   0.00252767      6.49627
 -0.00135935     0.999999 -0.000283498     -4.58593
 -0.00252805  0.000280061     0.999997      25.6493
           0            0            0            1

<-One step transform 34->iterations: 13, Init error: 28.4256, SBA error16.8897#
            1 -1.46481e-005   0.000235509       6.10364
 1.46237e-005             1    0.00010346      0.163645
 -0.000235511  -0.000103457             1       28.8377
            0             0             0             1

<-One step transform 35->iterations: 4, Init error: 32.7725, SBA error21.1565#
     0.999996    0.00125313    0.00266925       7.05381
  -0.00125293      0.999999 -7.45419e-005      -4.27014
  -0.00266934  7.11972e-005      0.999996        27.136
            0             0             0             1

<-One step transform 36->iterations: 5, Init error: 46.3428, SBA error31.3461#
    0.999994  0.000114769   0.00333084      8.38253
-0.000114071            1  -0.00020978     -1.99484
 -0.00333087  0.000209399     0.999994       27.225
           0            0            0            1

<-One step transform 37->iterations: 71, Init error: 32.0043, SBA error20.9306#
    0.999993 -0.000387979   0.00373085      5.05246
 0.000389064            1 -0.000290119      1.88727
 -0.00373074  0.000291568     0.999993      27.6296
           0            0            0            1

<-One step transform 38->iterations: 18, Init error: 19.1101, SBA error13.8345#
     0.999995  2.90953e-005    0.00327473       4.29023
-2.82258e-005             1  -0.000265585      -0.29847
  -0.00327474   0.000265491      0.999995       25.2828
            0             0             0             1

<-One step transform 39->iterations: 8, Init error: 82.7822, SBA error48.8359#
           1 -0.000544863   0.00053017      5.23225
 0.000544641            1  0.000419296      3.12287
-0.000530398 -0.000419008            1      29.1392
           0            0            0            1

<-One step transform 40->iterations: 9, Init error: 25.5036, SBA error15.3258#
   0.999997   0.0022139 0.000558495     5.77348
-0.00221326    0.999997 -0.00113267     1.48045
  -0.000561  0.00113143    0.999999     29.1144
          0           0           0           1

<-One step transform 41->iterations: 22, Init error: 195.041, SBA error179.352#
    0.999999   0.00149968  0.000526547      8.88341
 -0.00149924     0.999999 -0.000825643     -10.1367
-0.000527785  0.000824852            1      26.3111
           0            0            0            1

<-One step transform 42->iterations: 5, Init error: 64.2332, SBA error36.3666#
           1  -0.00012657  0.000226643       2.6333
 0.000126609            1 -0.000171726     0.287951
-0.000226621  0.000171754            1        31.12
           0            0            0            1

<-One step transform 43->iterations: 9, Init error: 80.5089, SBA error46.0903#
    0.999999 -0.000188909   0.00161946      4.27626
 0.000189947            1 -0.000640688    -0.979485
 -0.00161934  0.000640995     0.999998      30.5923
           0            0            0            1

<-One step transform 44->iterations: 29, Init error: 49.0161, SBA error30.1792#
    0.999996  0.000712336   0.00274954      7.81214
-0.000709386     0.999999  -0.00107379     -4.66477
  -0.0027503   0.00107184     0.999996      26.0954
           0            0            0            1

<-One step transform 45->iterations: 40, Init error: 27.3086, SBA error17.9968#
    0.999999 -0.000515461    0.0010346     0.893231
 0.000516107            1 -0.000623925      2.45203
 -0.00103428  0.000624459     0.999999      30.9652
           0            0            0            1

<-One step transform 46->iterations: 23, Init error: 18.3019, SBA error12.9351#
           1 -0.000435306   0.00039298      1.31755
  0.00043561            1 -0.000772408      1.61277
-0.000392644  0.000772579            1      24.4457
           0            0            0            1

<-One step transform 47->iterations: 4, Init error: 83.2617, SBA error54.0159#
    0.999998  0.000214616     0.001901      10.2768
-0.000210472     0.999998  -0.00218002     -12.1828
 -0.00190146   0.00217962     0.999996      32.8732
           0            0            0            1

<-One step transform 48->iterations: 5, Init error: 62.0569, SBA error36.0083#
    0.999998 -0.000190822   0.00197194      5.44082
 0.000195434     0.999997  -0.00233849     -3.86633
 -0.00197149   0.00233887     0.999995      28.6876
           0            0            0            1

<-One step transform 49->iterations: 23, Init error: 2016.17, SBA error582.456#
           1 -0.000796534  0.000204311     -1.89125
  0.00079659            1 -0.000278023     0.613007
-0.000204089  0.000278185            1      10.2775
           0            0            0            1

<-One step transform 50->iterations: 5, Init error: 49.5334, SBA error33.9215#
    0.999999  0.000420924   0.00101255      11.7415
-0.000418599     0.999997  -0.00229461     -9.68405
 -0.00101351   0.00229419     0.999997      24.6631
           0            0            0            1

<-One step transform 51->iterations: 24, Init error: 136.184, SBA error90.6659#
    0.999997  0.000487691  -0.00246788      2.33342
-0.000485253     0.999999  0.000988447     0.410883
  0.00246836 -0.000987247     0.999996      27.0597
           0            0            0            1

<-One step transform 52->iterations: 4, Init error: 759.04, SBA error534.108#
    0.999992   0.00105302   0.00387215      14.8184
 -0.00105376     0.999999  0.000187887     -3.57244
 -0.00387195 -0.000191966     0.999992      14.4191
           0            0            0            1

<-One step transform 53->iterations: 39, Init error: 50.0125, SBA error33.964#
   0.999989 -0.00364872  0.00289794      4.1972
  0.0036423    0.999991  0.00221864     1.31231
  -0.002906 -0.00220806    0.999993     30.8029
          0           0           0           1

<-One step transform 54->iterations: 25, Init error: 24.5192, SBA error20.746#
    0.999998 -0.000326655   0.00212562      3.96366
 0.000324017     0.999999   0.00124122       1.9207
 -0.00212602  -0.00124053     0.999997      20.2735
           0            0            0            1

<-One step transform 55->iterations: 45, Init error: 41.7616, SBA error26.0947#
    0.999996  -0.00282231  0.000631639      2.46471
  0.00282011      0.99999   0.00346263     0.879685
-0.000641406  -0.00346083     0.999994      30.1807
           0            0            0            1

<-One step transform 56->iterations: 34, Init error: 41.4725, SBA error28.4906#
   0.999994   -0.003091 -0.00130398     4.86741
  0.0030963    0.999987  0.00408488    0.855234
 0.00129133 -0.00408889    0.999991     21.1899
          0           0           0           1

<-One step transform 57->iterations: 39, Init error: 18.4561, SBA error14.2011#
   0.999986 -0.00354531  0.00385168    -4.33399
 0.00353481     0.99999  0.00272949  -0.0400027
-0.00386132 -0.00271584    0.999989    -6.17194
          0           0           0           1

<-One step transform 58->iterations: 30, Init error: 821.661, SBA error312.812#
     0.999998  -0.000385698    0.00205995      -1.45638
  0.000385866             1 -8.13798e-005      0.950357
  -0.00205992  8.21745e-005      0.999998      -13.0721
            0             0             0             1

<-One step transform 59->iterations: 2, Init error: 12.3608, SBA error11.6081#
    0.999999 -0.000492482   0.00154486      1.77898
 0.000490718     0.999999   0.00114174      1.30301
 -0.00154542  -0.00114098     0.999998     -5.58845
           0            0            0            1

<-One step transform 60->iterations: 37, Init error: 53.9479, SBA error38.4443#
   0.999993 -0.00079535  0.00362876     1.21753
0.000793243           1 0.000582012     4.38237
-0.00362922 -0.00057913    0.999993     26.7199
          0           0           0           1

<-One step transform 61->iterations: 30, Init error: 33.0743, SBA error22.5699#
   0.999994 -0.00181925  0.00305508      5.7718
  0.0018145    0.999997  0.00155749     1.00798
-0.00305791 -0.00155194    0.999994     23.5237
          0           0           0           1

<-One step transform 62->iterations: 24, Init error: 17.2151, SBA error15.5621#
   0.999998 -0.00108724   0.0016347     3.66376
 0.00108194    0.999994  0.00324312     1.13124
-0.00163822 -0.00324135    0.999993     4.93597
          0           0           0           1

<-One step transform 63->iterations: 41, Init error: 158.946, SBA error132.517#
           1  0.000145886  0.000325464       5.1225
-0.000146564     0.999998   0.00208214      1.35866
 -0.00032516  -0.00208218     0.999998      21.3489
           0            0            0            1

<-One step transform 64->iterations: 41, Init error: 93.6602, SBA error63#
    0.999999   0.00107299  0.000550066      5.44844
 -0.00107354     0.999999  0.000988099     -2.07739
-0.000549005 -0.000988689     0.999999      23.3755
           0            0            0            1

<-One step transform 65->iterations: 5, Init error: 53.2392, SBA error31.4022#
   0.999994  0.00170497  -0.0028889     1.64368
-0.00169383    0.999991  0.00385415     1.65883
 0.00289544 -0.00384923    0.999988     36.8953
          0           0           0           1

<-One step transform 66->iterations: 41, Init error: 120.501, SBA error77.3257#
    0.999999   0.00151151 -0.000535071      10.0582
 -0.00151078     0.999998   0.00137048     -4.60636
 0.000537141  -0.00136967     0.999999      19.1388
           0            0            0            1

<-One step transform 67->iterations: 5, Init error: 3447.44, SBA error1118.3#
   0.999994  0.00279707 -0.00214673      13.539
 -0.0027942    0.999995  0.00133599    -2.81252
 0.00215046 -0.00132998    0.999997     13.7316
          0           0           0           1

<-One step transform 68->iterations: 44, Init error: 43.6992, SBA error27.061#
     0.99999    0.0031573  -0.00331713    -0.159278
 -0.00315532     0.999995  0.000603105      4.69269
  0.00331901 -0.000592632     0.999994      33.2436
           0            0            0            1

<-One step transform 69->iterations: 10, Init error: 33.8293, SBA error16.5649#
   0.999995  0.00270611 -0.00182934    -3.87739
-0.00270432    0.999996 0.000978153     3.57793
 0.00183198  -0.0009732    0.999998     30.8469
          0           0           0           1

<-One step transform 70->iterations: 5, Init error: 115.483, SBA error67.5483#
    0.999999  0.000869935 -0.000519728       4.0242
-0.000870049            1 -0.000219782     -3.97369
 0.000519536  0.000220234            1      39.8492
           0            0            0            1

<-One step transform 71->iterations: 15, Init error: 57.7488, SBA error34.0824#
    0.999998   0.00201238  0.000923837      2.79395
 -0.00201253     0.999998   0.00016166   -0.0361503
 -0.00092351 -0.000163519            1      34.1615
           0            0            0            1

<-One step transform 72->iterations: 4, Init error: 138.531, SBA error92.2768#
    0.999999   0.00142539  0.000806134      4.02034
  -0.0014265     0.999998   0.00138584     -3.48632
-0.000804157  -0.00138699     0.999999      30.1411
           0            0            0            1

<-One step transform 73->iterations: 33, Init error: 133.618, SBA error101.181#
    0.999998   0.00157614  0.000757344      8.97123
 -0.00157681     0.999998  0.000885975     -6.46695
-0.000755947 -0.000887168     0.999999       31.869
           0            0            0            1

<-One step transform 74->iterations: 6, Init error: 36.9447, SBA error25.1076#
    0.999989   0.00209281   0.00423476      3.41727
 -0.00209173     0.999998 -0.000259632      4.59873
  -0.0042353  0.000250771     0.999991      31.9214
           0            0            0            1

<-One step transform 75->iterations: 33, Init error: 23.1843, SBA error16.7536#
    0.99999  0.00261505  0.00363477      6.5142
-0.00260702    0.999994  -0.0022124     2.19603
-0.00364053   0.0022029    0.999991     23.5379
          0           0           0           1

<-One step transform 76->iterations: 8, Init error: 22.2186, SBA error13.4658#
   0.999996  0.00263726  0.00140066     3.20304
-0.00263906    0.999996  0.00128665     4.93055
-0.00139726 -0.00129035    0.999998     31.1917
          0           0           0           1

<-One step transform 77->iterations: 20, Init error: 13180.3, SBA error1087.59#
   0.999977  0.00509918  0.00453885     8.44929
-0.00508979    0.999985  -0.0020782    -12.0439
-0.00454938  0.00205505    0.999988     3.10969
          0           0           0           1

<-One step transform 78->iterations: 20, Init error: 27.7569, SBA error18.5863#
            1  7.15563e-005   0.000877381       6.14299
-7.02616e-005      0.999999   -0.00147562      -2.38456
 -0.000877486    0.00147556      0.999999       32.4556
            0             0             0             1

<-One step transform 79->iterations: 23, Init error: 8.45833, SBA error6.44533#
           1 -0.000258359  0.000518196     0.994262
 0.000258985     0.999999  -0.00120909     0.711829
-0.000517883   0.00120922     0.999999     -1.30418
           0            0            0            1

<-One step transform 80->iterations: 2, Init error: 9.32426, SBA error8.64476#
    0.999999 -0.000909271  0.000972591   -0.0720379
  0.00091112     0.999998  -0.00190211      2.22438
 -0.00097086   0.00190299     0.999998       -2.964
           0            0            0            1

<-One step transform 81->iterations: 39, Init error: 704.332, SBA error390.576#
   0.999995 -0.00249222  0.00198224    0.577816
 0.00249649    0.999995 -0.00215535    0.781354
-0.00197686  0.00216028    0.999996     13.9346
          0           0           0           1

<-One step transform 82->iterations: 2, Init error: 54.4391, SBA error45.7285#
    0.999998  -0.00199147   0.00075943     0.592591
  0.00199088     0.999998  0.000773642       10.554
-0.000760969 -0.000772129     0.999999      19.4294
           0            0            0            1

<-One step transform 83->iterations: 2, Init error: 48.0586, SBA error42.9219#
   0.999995 -0.00233279   0.0020511   -0.109166
 0.00232912    0.999996  0.00178771     11.1321
-0.00205526 -0.00178292    0.999996     22.8167
          0           0           0           1

<-One step transform 84->iterations: 9, Init error: 7.2374, SBA error6.72951#
     0.999994  -0.000620122    0.00330741     -0.915177
  0.000620444             1 -9.62887e-005      0.289855
  -0.00330735  9.83402e-005      0.999995     -0.936369
            0             0             0             1

<-One step transform 85->iterations: 5, Init error: 9.51044, SBA error8.08782#
    0.999988  -0.00201007   0.00435767   -0.0872772
    0.002006     0.999998  0.000937543     0.264926
 -0.00435954 -0.000928791      0.99999     -5.65983
           0            0            0            1

<-One step transform 86->iterations: 2, Init error: 142.628, SBA error117.062#
   0.999981 -0.00557711   0.0025732    0.248555
 0.00557215    0.999983  0.00193125     13.5798
-0.00258393 -0.00191687    0.999995     15.5431
          0           0           0           1

<-One step transform 87->iterations: 88, Init error: 45.8961, SBA error29.433#
    0.999987  -0.00373788   0.00332969      6.29875
  0.00373606     0.999993  0.000553206      1.86263
 -0.00333173 -0.000540759     0.999994       29.492
           0            0            0            1

<-One step transform 88->iterations: 150, Init error: 100.907, SBA error80.4467#
    0.999998  -0.00176624   0.00129938      1.43958
  0.00176536     0.999998  0.000678911      7.23445
 -0.00130058 -0.000676616     0.999999      23.8935
           0            0            0            1

<-One step transform 89->iterations: 45, Init error: 18.9057, SBA error12.4307#
    0.999996  0.000561949    -0.002806       7.0821
-0.000560625            1  0.000472635     -1.66871
  0.00280627  -0.00047106     0.999996       17.345
           0            0            0            1

<-One step transform 90->iterations: 5, Init error: 641.574, SBA error484.969#
    0.999993   0.00100332    0.0035291      15.2689
-0.000994202     0.999996  -0.00258348     -7.70556
 -0.00353168   0.00257995      0.99999      12.4817
           0            0            0            1

<-One step transform 91->iterations: 28, Init error: 784.483, SBA error400.064#
    0.999941 -0.000950228    0.0107925    -0.441827
  0.00100763     0.999985  -0.00531434     -11.4837
  -0.0107873    0.0053249     0.999928      11.4461
           0            0            0            1

<-One step transform 92->iterations: 5, Init error: 21.7235, SBA error17.1302#
    0.999986  -0.00449404   0.00271198     0.716953
  0.00449361      0.99999  0.000162393      4.04976
 -0.00271268 -0.000150204     0.999996      25.8022
           0            0            0            1

<-One step transform 93->iterations: 13, Init error: 13.4162, SBA error9.34289#
    0.999997  -0.00227542  0.000474688      3.20992
  0.00227497     0.999997  0.000941092      1.86229
-0.000476828  -0.00094001     0.999999     -3.73277
           0            0            0            1

<-One step transform 94->iterations: 8, Init error: 17.5776, SBA error10.8005#
   0.999973  0.00451023  0.00584625     2.32629
-0.00448797    0.999983   -0.003816        1.43
-0.00586336  0.00378966    0.999976     6.80813
          0           0           0           1

<-One step transform 95->iterations: 4, Init error: 14.328, SBA error10.3655#
    0.99996  0.00564643  0.00688124     6.63398
-0.00561363    0.999973 -0.00477599    -4.62596
-0.00690802  0.00473717    0.999965     15.3769
          0           0           0           1

<-One step transform 96->iterations: 2, Init error: 25.2837, SBA error25.2734#
   0.999994 -0.00198644 -0.00294955 -0.00418441
 0.00199094    0.999997   0.0015224   0.0162422
 0.00294652 -0.00152827    0.999994    0.497717
          0           0           0           1

<-One step transform 97->iterations: 10, Init error: 9533.8, SBA error411.156#
     0.999997    0.00222108    0.00134549       7.72772
  -0.00222116      0.999998  5.57206e-005      -2.62537
  -0.00134536 -5.87089e-005      0.999999      -2.20829
            0             0             0             1

<-One step transform 98->iterations: 29, Init error: 59.0704, SBA error38.8366#
   0.999977   0.0044556  0.00519795     5.94066
 -0.0044645    0.999989  0.00170281     -1.5676
 -0.0051903 -0.00172597    0.999985      27.352
          0           0           0           1

<-One step transform 99->iterations: 48, Init error: 63.3396, SBA error39.5212#
   0.999995 0.000998776  0.00290775     7.80111
-0.00100723    0.999995  0.00290778    0.348737
-0.00290483 -0.00291069    0.999992     27.9238
          0           0           0           1

<-One step transform 100->iterations: 2, Init error: 111.796, SBA error109.91#
    0.99998 -0.00494907  0.00404898     7.15608
 0.00495404    0.999987 -0.00121756      15.161
 -0.0040429  0.00123759    0.999991     13.4391
          0           0           0           1

<-One step transform 101->iterations: 30, Init error: 499.54, SBA error246.893#
    0.999998  0.000719683     0.001694      11.9301
-0.000723172     0.999998   0.00205985     -1.15813
 -0.00169252  -0.00206107     0.999996      5.90429
           0            0            0            1

<-One step transform 102->iterations: 47, Init error: 39.8501, SBA error23.4551#
   0.999978  0.00653454  0.00104175     7.24409
-0.00653852    0.999971  0.00386429    -1.95048
-0.00101646 -0.00387102    0.999992     27.4783
          0           0           0           1

<-One step transform 103->iterations: 6, Init error: 140.162, SBA error99.347#
    0.999948   0.00873284   0.00523006      19.9178
 -0.00872801     0.999961 -0.000946442     -7.53338
 -0.00523812  0.000900745     0.999986      8.53054
           0            0            0            1

<-One step transform 104->iterations: 54, Init error: 285.067, SBA error123.196#
    0.99992   0.0053467     0.01144      28.612
-0.00525685    0.999955 -0.00786963    -15.4044
 -0.0114815  0.00780886    0.999904      28.284
          0           0           0           1

<-One step transform 105->iterations: 3, Init error: 109.245, SBA error79.8361#
   0.999973 -0.00428999  0.00603051     2.94643
 0.00434677    0.999946 -0.00943337     4.79568
-0.00598971  0.00945933    0.999937      31.727
          0           0           0           1

<-One step transform 106->iterations: 11, Init error: 201.91, SBA error109.429#
   0.999989  0.00192672   0.0042364     10.7286
-0.00190735    0.999988 -0.00457152     -6.3914
-0.00424516  0.00456339    0.999981     33.8182
          0           0           0           1

<-One step transform 107->iterations: 8, Init error: 20.9737, SBA error9.73307#
   0.999968  0.00342079  0.00729655      5.1687
-0.00337869    0.999978 -0.00577529    -8.83148
-0.00731615  0.00575045    0.999957     25.3371
          0           0           0           1

<-One step transform 108->iterations: 19, Init error: 129.702, SBA error81.911#
   0.999961 -0.00542744  0.00698027     3.04126
  0.0054702    0.999966 -0.00612234     6.64574
-0.00694681  0.00616028    0.999957    -29.9059
          0           0           0           1

<-One step transform 109->iterations: 2, Init error: 20.8015, SBA error20.7476#
   0.999933 -0.00679638  0.00937591   -0.445421
 0.00680731    0.999976 -0.00113432   0.0469227
-0.00936798  0.00119807    0.999955    0.202742
          0           0           0           1

<-One step transform 110->iterations: 2, Init error: 7.1933, SBA error7.18592#
   0.999936 -0.00606744  0.00953351   -0.880923
 0.00608772    0.999979 -0.00210001    0.021479
-0.00952057  0.00215792    0.999952  -0.0913095
          0           0           0           1

<-One step transform 111->iterations: 4, Init error: 9.57383, SBA error6.67341#
   0.999958 -0.00537806  0.00747492     5.27271
 0.00542477    0.999966 -0.00624356     1.65857
-0.00744109  0.00628385    0.999953    -8.70068
          0           0           0           1

<-One step transform 112->iterations: 6, Init error: 17.1834, SBA error14.8999#
   0.999955 -0.00696819  0.00638553     2.66114
 0.00698324    0.999973 -0.00233731     1.93818
-0.00636907   0.0023818    0.999977     11.8554
          0           0           0           1

<-One step transform 113->iterations: 15, Init error: 13.0325, SBA error13.025#
   0.999957 -0.00553194  0.00746404   -0.189748
 0.00554266    0.999984  -0.0014162  0.00241322
-0.00745608  0.00145751    0.999971 -0.00890967
          0           0           0           1

<-One step transform 114->iterations: 2, Init error: 10.9206, SBA error10.8863#
   0.999945 -0.00534637  0.00907261    -0.72527
 0.00536575    0.999983 -0.00211349   0.0232254
-0.00906116  0.00216205    0.999957   -0.102786
          0           0           0           1

<-One step transform 115->iterations: 4, Init error: 10.6597, SBA error9.25059#
    0.999947  -0.00824914   0.00611104      1.61735
  0.00825213     0.999966 -0.000464079      2.95025
   -0.006107  0.000514484     0.999981     -2.45265
           0            0            0            1

<-One step transform 116->iterations: 4, Init error: 20.7014, SBA error15.7147#
   0.999961 -0.00667328  0.00576737     7.37239
  0.0066851    0.999976 -0.00203268     5.24542
-0.00575367  0.00207116    0.999981     10.8374
          0           0           0           1

<-One step transform 117->iterations: 2, Init error: 887.705, SBA error365.393#
   0.999989  -0.0038061  0.00261207     13.3638
 0.00381196     0.99999 -0.00224097     7.89619
-0.00260351   0.0022509    0.999994     2.45537
          0           0           0           1

<-One step transform 118->iterations: 3, Init error: 26.4249, SBA error19.2509#
            1 -3.05556e-005  -0.000165079       3.14204
 3.05712e-005             1  9.50355e-005      0.648685
  0.000165076 -9.50405e-005             1       13.4295
            0             0             0             1

<-One step transform 119->iterations: 29, Init error: 1283.5, SBA error521.316#
    0.999993   0.00205909   0.00317797      8.95454
  -0.0020561     0.999997 -0.000943553     -3.54207
  -0.0031799  0.000937012     0.999995     -11.3858
           0            0            0            1

<-One step transform 120->iterations: 7, Init error: 78.3356, SBA error59.6491#
   0.999982 -0.00342226   0.0050215    0.575364
 0.00345639    0.999971 -0.00680477     3.20775
-0.00499807    0.006822    0.999964     28.7834
          0           0           0           1

<-One step transform 121->iterations: 26, Init error: 19.2457, SBA error8.14299#
    0.999999  0.000405301   0.00104402    -0.443422
-0.000402658     0.999997  -0.00253087     -6.72367
 -0.00104505   0.00253045     0.999996      18.9245
           0            0            0            1

<-One step transform 122->iterations: 3, Init error: 98.9284, SBA error85.7108#
   0.999992  0.00237321  0.00330348     8.49633
-0.00236246    0.999992 -0.00325442    -18.3024
-0.00331118  0.00324659    0.999989      30.794
          0           0           0           1

<-One step transform 123->iterations: 6, Init error: 66.3771, SBA error38.7782#
   0.999991  0.00332374  0.00274296     6.72995
-0.00331608    0.999991 -0.00279515    -2.55513
-0.00275222  0.00278603    0.999992     36.1289
          0           0           0           1

<-One step transform 124->iterations: 4, Init error: 166.151, SBA error81.7299#
   0.999993   0.0010833  0.00360709     14.0464
-0.00109008    0.999998  0.00187786    -1.11468
-0.00360505 -0.00188178    0.999992   -0.384566
          0           0           0           1

<-One step transform 125->iterations: 26, Init error: 56.9275, SBA error41.0453#
   0.999992  0.00107995   0.0037994     8.68966
-0.00109206    0.999994  0.00318677   -0.116783
-0.00379594 -0.00319089    0.999988     25.5016
          0           0           0           1

<-One step transform 126->iterations: 16, Init error: 8.80253, SBA error5.3536#
   0.999987  0.00422794  0.00289997   -0.183568
 -0.0042349    0.999988  0.00239787     3.34299
 -0.0028898 -0.00241012    0.999993    -30.5848
          0           0           0           1

<-One step transform 127->iterations: 77, Init error: 9.93333, SBA error9.37614#
   0.999991   0.0018565  0.00370624     2.49073
-0.00186035    0.999998  0.00103475    -3.81118
-0.00370431 -0.00104164    0.999993    -10.3979
          0           0           0           1

<-One step transform 128->iterations: 27, Init error: 2634.74, SBA error278.33#
    0.999988   0.00020409   0.00485732       4.2791
-0.000206529            1   0.00050151     -1.36289
 -0.00485721 -0.000502507     0.999988     -9.01852
           0            0            0            1

<-One step transform 129->iterations: 4, Init error: 3.50016e+006, SBA error294966#
   0.999992 -0.00179072  0.00353685   -0.140012
 0.00178644    0.999998  0.00121283  -0.0703865
-0.00353901  -0.0012065    0.999993    -1.36439
          0           0           0           1

<-One step transform 130->iterations: 46, Init error: 6804.25, SBA error1161.72#
    0.999993  0.000536552   0.00362569      9.62359
 -0.00053539            1 -0.000321455    -0.453414
 -0.00362586  0.000319512     0.999993     -6.17634
           0            0            0            1

<-One step transform 131->iterations: 45, Init error: 141.639, SBA error95.2005#
    0.99999  0.00116902  0.00424931     19.1214
-0.00116191    0.999998 -0.00167559    -10.6531
-0.00425126  0.00167063     0.99999     24.0573
          0           0           0           1

<-One step transform 132->iterations: 26, Init error: 35.0525, SBA error27.5336#
     0.99999  -0.00139561   0.00425753      1.18485
  0.00139658     0.999999 -0.000225972      5.28672
 -0.00425721  0.000231915     0.999991      21.8022
           0            0            0            1

<-One step transform 133->iterations: 7, Init error: 20.9037, SBA error17.72#
    0.999971  -0.00332429   0.00680137       -1.443
  0.00331946     0.999994  0.000721152       5.1852
 -0.00680373 -0.000698554     0.999977      24.0642
           0            0            0            1

<-One step transform 134->iterations: 2, Init error: 117.043, SBA error68.8225#
   0.999952 -0.00398318  0.00896323     9.81618
 0.00399452    0.999991 -0.00124793     10.8337
-0.00895819  0.00128367    0.999959     10.4241
          0           0           0           1

<-One step transform 135->iterations: 20, Init error: 89.7757, SBA error70.5959#
      0.99999 -6.24354e-005    0.00453541       9.55097
 7.09138e-005      0.999998   -0.00186924      -4.38602
  -0.00453528    0.00186954      0.999988       18.3863
            0             0             0             1

<-One step transform 136->iterations: 55, Init error: 258.998, SBA error138.845#
    0.999972   0.00180425   0.00721379      1.90078
 -0.00179912     0.999998 -0.000716388     -5.19154
 -0.00721507   0.00070339     0.999974      14.1767
           0            0            0            1

<-One step transform 137->iterations: 30, Init error: 16.1751, SBA error14.1216#
    0.999985 -0.000446002   0.00554605     0.874085
  0.00043641     0.999998   0.00173047      2.72136
 -0.00554682  -0.00172803     0.999983      20.6123
           0            0            0            1

<-One step transform 138->iterations: 23, Init error: 22.0422, SBA error15.105#
    0.999986  0.000768755   0.00517857      15.9139
 -0.00077046            1  0.000327362     -4.43318
 -0.00517832 -0.000331348     0.999987      23.4693
           0            0            0            1

<-One step transform 139->iterations: 20, Init error: 62.7231, SBA error41.0567#
   0.999957  0.00239597  0.00892736     15.2581
-0.00237905    0.999995 -0.00190558    -1.80813
-0.00893188  0.00188426    0.999958     22.6354
          0           0           0           1

<-One step transform 140->iterations: 10, Init error: 43.6025, SBA error31.0059#
     0.99997 -0.000177815   0.00769405      5.84186
 0.000164366     0.999998   0.00174864       6.4006
 -0.00769435  -0.00174732     0.999969      28.6888
           0            0            0            1

<-One step transform 141->iterations: 17, Init error: 38.5879, SBA error28.1941#
     0.99999 -0.000665585    0.0043161      6.06641
 0.000652934     0.999995   0.00293175      9.19181
 -0.00431803  -0.00292891     0.999986      26.5647
           0            0            0            1

<-One step transform 142->iterations: 18, Init error: 457.2, SBA error322.916#
    0.99997  0.00140714  0.00764758     22.3789
-0.00139472    0.999998 -0.00162927    -12.5231
-0.00764986  0.00161855    0.999969     15.0557
          0           0           0           1

