<-Total transform 5->iterations: 2, Init error: 8.25415, SBA error6.70681#
   0.999999 -0.00054806  0.00147712     1.54714
0.000550215    0.999999 -0.00145918     1.57777
-0.00147632  0.00145999    0.999998    -2.35739
          0           0           0           1

<-Total transform 9->iterations: 25, Init error: 13.992, SBA error4.66366#
    0.999998   0.00010443   0.00208292      16.7201
-0.000100932     0.999999  -0.00167927     -10.3845
 -0.00208309   0.00167905     0.999996     -30.3877
           0            0            0            1

<-Total transform 13->iterations: 3, Init error: 20.0431, SBA error7.98943#
     0.999996  5.50538e-005    0.00278198       31.3694
-5.09885e-005      0.999999   -0.00146137      -9.01086
  -0.00278206    0.00146122      0.999995      -52.4246
            0             0             0             1

<-Total transform 17->iterations: 5, Init error: 86.0106, SBA error39.4885#
   0.999988 0.000306154  0.00488023     65.2399
-0.00029168    0.999996  -0.0029664    -25.3092
-0.00488112  0.00296494    0.999984    -18.2906
          0           0           0           1

<-Total transform 21->iterations: 33, Init error: 8363.56, SBA error3763.12#
    0.999936  0.000551619     0.011301      87.4314
-0.000513384     0.999994   -0.0033859     -27.6154
  -0.0113028   0.00337989      0.99993      -18.753
           0            0            0            1

<-Total transform 25->iterations: 8, Init error: 75.8643, SBA error36.0276#
    0.999906  0.000471537     0.013669      114.708
-0.000427343     0.999995  -0.00323586     -26.2234
  -0.0136705   0.00322972     0.999901      2.94485
           0            0            0            1

<-Total transform 29->iterations: 9, Init error: 86.9713, SBA error40.1052#
    0.99984  0.00175185    0.017812     143.419
-0.00168838    0.999992 -0.00357807    -30.2483
 -0.0178181  0.00354742    0.999835       28.07
          0           0           0           1

<-Total transform 33->iterations: 4, Init error: 53.3316, SBA error33.592#
   0.999728  0.00257429   0.0231839     151.946
-0.00251007    0.999993 -0.00279859    -35.5845
 -0.0231909  0.00273964    0.999727     61.8136
          0           0           0           1

<-Total transform 37->iterations: 37, Init error: 23.4632, SBA error19.4325#
    0.999622  0.000888762    0.0274631      153.329
-0.000818752     0.999996   -0.0025604     -28.0852
  -0.0274653   0.00253695      0.99962      93.2641
           0            0            0            1

<-Total transform 41->iterations: 21, Init error: 63.2981, SBA error39.4984#
    0.999493 -0.000414225     0.031821      156.088
 0.000546132     0.999991  -0.00413673      -24.401
   -0.031819   0.00415201     0.999485      125.342
           0            0            0            1

<-Total transform 45->iterations: 147, Init error: 294.193, SBA error160.182#
    0.999399  0.000111973    0.0346586      159.081
6.02154e-005     0.999988  -0.00496705     -27.9824
  -0.0346587   0.00496615     0.999387       163.52
           0            0            0            1

<-Total transform 49->iterations: 4, Init error: 30.3317, SBA error14.5363#
    0.999285  0.000868602    0.0377868      158.641
-0.000640119     0.999981  -0.00605832     -40.2031
  -0.0377914    0.0060298     0.999267      205.814
           0            0            0            1

<-Total transform 53->iterations: 20, Init error: 90.0644, SBA error64.1246#
  0.999085 0.00177629   0.042735    164.435
-0.0014271   0.999965 -0.0082002   -55.7798
-0.0427481 0.00813171   0.999053    240.798
         0          0          0          1

<-Total transform 57->iterations: 26, Init error: 38.7964, SBA error30.8638#
     0.998842   0.000508281     0.0480995        165.61
-4.68612e-005      0.999954   -0.00959367      -56.0397
   -0.0481021    0.00958031      0.998796       248.887
            0             0             0             1

<-Total transform 61->iterations: 39, Init error: 32.9149, SBA error29.1708#
   0.998328 0.000239493   0.0577975     173.343
0.000387611    0.999941  -0.0108386       -57.4
 -0.0577967   0.0108428    0.998269      271.16
          0           0           0           1

<-Total transform 65->iterations: 21, Init error: 258.956, SBA error129.792#
   0.997852 -0.00114557   0.0655021     186.371
 0.00194959    0.999924  -0.0122121    -55.1358
 -0.0654831   0.0123136    0.997778     280.537
          0           0           0           1

<-Total transform 69->iterations: 4, Init error: 176.178, SBA error135.214#
   0.997162 -0.00502039   0.0751147     182.222
 0.00601262    0.999898  -0.0129892    -54.5705
 -0.0750418    0.013404     0.99709     311.088
          0           0           0           1

<-Total transform 73->iterations: 79, Init error: 241.902, SBA error185.819#
   0.996642 -0.00600563   0.0816592     181.422
   0.007027    0.999901  -0.0122262    -47.8008
 -0.0815776   0.0127589    0.996585     344.455
          0           0           0           1

<-Total transform 77->iterations: 33, Init error: 834.12, SBA error382.574#
   0.996078 -0.00628912   0.0882512     186.959
 0.00745488    0.999889  -0.0128862     -48.923
 -0.0881604   0.0134935    0.996015     353.646
          0           0           0           1

<-Total transform 81->iterations: 6, Init error: 101.566, SBA error80.6258#
  0.995422 -0.0082642  0.0952238    186.888
0.00968132   0.999849 -0.0144296    -39.763
-0.0950902  0.0152854   0.995351     377.46
         0          0          0          1

<-Total transform 85->iterations: 45, Init error: 65.6837, SBA error52.0367#
  0.994618 -0.0098415   0.103137    194.924
 0.0115038   0.999813 -0.0155353    -35.317
 -0.102965  0.0166381   0.994546    399.957
         0          0          0          1

<-Total transform 89->iterations: 32, Init error: 158.6, SBA error108.974#
  0.993733 -0.0109316    0.11124    217.405
  0.012883   0.999775 -0.0168391   -33.1072
 -0.111031  0.0181667   0.993651    409.857
         0          0          0          1

<-Total transform 93->iterations: 24, Init error: 50.2818, SBA error41.6933#
  0.992946 -0.0121378   0.117946    217.456
 0.0143601   0.999735 -0.0180097   -26.4205
 -0.117696  0.0195764   0.992857    436.817
         0          0          0          1

<-Total transform 97->iterations: 2, Init error: 26.5724, SBA error23.9976#
  0.992174 -0.0138684   0.124092    219.685
 0.0164319   0.999672  -0.019658    -17.092
 -0.123779  0.0215432   0.992076    457.838
         0          0          0          1

<-Total transform 101->iterations: 39, Init error: 38.8701, SBA error27.7558#
  0.990943 -0.0152566   0.133416    239.776
 0.0184354   0.999574 -0.0226233   -15.6896
 -0.133014   0.024878   0.990802    474.641
         0          0          0          1

<-Total transform 105->iterations: 8, Init error: 41.7901, SBA error29.3411#
  0.990577 -0.0176052   0.135824    251.369
 0.0208335   0.999532 -0.0223833   -1.00535
 -0.135366   0.025002    0.99048    496.117
         0          0          0          1

<-Total transform 109->iterations: 31, Init error: 356.37, SBA error331.334#
  0.990161 -0.0189479   0.138647    254.882
 0.0222405   0.999505 -0.0222369    13.1861
 -0.138157  0.0251017   0.990092    516.508
         0          0          0          1

<-Total transform 113->iterations: 26, Init error: 12891.3, SBA error724.303#
  0.989965 -0.0164991   0.140343    266.959
  0.020203   0.999483 -0.0250076    3.00264
 -0.139858   0.027592   0.989787    517.669
         0          0          0          1

<-Total transform 117->iterations: 4, Init error: 39.3458, SBA error24.9115#
   0.98949 -0.0143393   0.143885    293.303
 0.0183632   0.999475 -0.0266771   -23.4907
 -0.143427  0.0290389   0.989235    478.939
         0          0          0          1

<-Total transform 121->iterations: 3, Init error: 59.9699, SBA error38.1775#
  0.988909 -0.0142773   0.147833    282.516
 0.0183532   0.999487 -0.0262438   -22.5789
 -0.147382  0.0286659   0.988664     506.91
         0          0          0          1

<-Total transform 125->iterations: 48, Init error: 77.3106, SBA error52.5573#
  0.988542 -0.0127739   0.150404    283.424
 0.0170515   0.999485 -0.0271855   -28.8594
 -0.149979  0.0294386   0.988251    534.956
         0          0          0          1

<-Total transform 129->iterations: 15, Init error: 47.8918, SBA error36.5701#
  0.988182   -0.01134   0.152864    296.166
 0.0157502   0.999493 -0.0276701   -7.84145
 -0.152473  0.0297508    0.98786    560.891
         0          0          0          1

<-Total transform 133->iterations: 27, Init error: 56.848, SBA error46.638#
  0.988146 -0.0113477   0.153097     310.81
 0.0157489   0.999496 -0.0275657    -7.5658
 -0.152707    0.02965   0.987827    580.032
         0          0          0          1

<-Total transform 137->iterations: 26, Init error: 49.9348, SBA error33.2675#
  0.987754  -0.010016   0.155699    333.465
 0.0145222   0.999507 -0.0278311   -17.3588
 -0.155343  0.0297514   0.987412     601.38
         0          0          0          1

<-Total transform 141->iterations: 27, Init error: 42.7285, SBA error23.1308#
   0.987233 -0.00980212    0.158983     361.026
  0.0144421    0.999502   -0.028056    -19.0079
  -0.158629   0.0299939    0.986883     633.836
          0           0           0           1

<-Total transform 145->iterations: 9, Init error: 2.06132e+006, SBA error137386#
  0.986628 -0.0100779   0.162675     363.68
 0.0148722   0.999489 -0.0282805   -19.0583
 -0.162307  0.0303217   0.986274    634.328
         0          0          0          1

<-Total transform 149->iterations: 4, Init error: 543.892, SBA error377.541#
   0.986092 -0.00994951    0.165903     357.494
  0.0148874    0.999482   -0.028547    -21.2828
  -0.165533   0.0306198    0.985729     673.046
          0           0           0           1

<-Total transform 153->iterations: 4, Init error: 339.589, SBA error271.882#
  0.985996 -0.0104779   0.166441     350.16
 0.0153551   0.999489 -0.0280433   -12.7092
 -0.166062  0.0302063   0.985653    708.152
         0          0          0          1

<-Total transform 157->iterations: 4, Init error: 236.914, SBA error126.489#
   0.985934 -0.00824819    0.166929     363.912
  0.0133609    0.999475   -0.029528    -19.2437
  -0.166598    0.031343    0.985527     717.557
          0           0           0           1

<-Total transform 161->iterations: 57, Init error: 73.5839, SBA error37.409#
   0.985865 -0.00673279    0.167404     362.178
  0.0120203     0.99946   -0.030592    -33.2895
  -0.167107   0.0321718    0.985414     763.605
          0           0           0           1

<-Total transform 165->iterations: 83, Init error: 271.852, SBA error153.65#
 0.985826 -0.006852  0.167631   368.537
0.0121738  0.999453  -0.03074  -33.3631
-0.167329  0.032345   0.98537   798.535
        0         0         0         1

<-Total transform 169->iterations: 27, Init error: 957.464, SBA error129.036#
   0.985551 -0.00698841    0.169232     389.906
  0.0124682    0.999431  -0.0313394    -32.7506
  -0.168917   0.0329967    0.985078     803.509
          0           0           0           1

<-Total transform 173->iterations: 3, Init error: 78.9696, SBA error48.7403#
   0.985092 -0.00618573    0.171918     429.666
  0.0119505      0.9994  -0.0325172    -41.6381
  -0.171613    0.034087    0.984574     810.384
          0           0           0           1

<-Total transform 177->iterations: 3, Init error: 52.742, SBA error50.026#
   0.984908 -0.00666561    0.172953     431.095
  0.0125659    0.999375  -0.0330428    -37.3077
  -0.172625   0.0347174    0.984376     833.896
          0           0           0           1

<-Total transform 181->iterations: 4, Init error: 94.7563, SBA error72.4532#
  0.984834  -0.007087   0.173354    435.543
 0.0131283   0.999345 -0.0337278   -35.1389
 -0.173002  0.0354921   0.984282    859.108
         0          0          0          1

<-Total transform 185->iterations: 6, Init error: 369.931, SBA error166.828#
   0.984506 -0.00680504    0.175218     467.985
  0.0132981    0.999267    -0.03591    -40.2873
  -0.174845   0.0376836    0.983875     865.159
          0           0           0           1

<-Total transform 189->iterations: 7, Init error: 489.269, SBA error186.321#
  0.984157 -0.0069214   0.177164    498.533
 0.0138994   0.999174 -0.0381764   -40.6529
 -0.176754   0.040034   0.983441    867.527
         0          0          0          1

<-Total transform 193->iterations: 2, Init error: 62.9102, SBA error59.6031#
   0.984109 -0.00770909    0.177396     516.107
  0.0147325    0.999157  -0.0383087    -39.1541
  -0.176951   0.0403134    0.983394     863.197
          0           0           0           1

<-Total transform 197->iterations: 37, Init error: 74.0178, SBA error67.3237#
  0.983936 -0.0072477   0.178375     524.29
 0.0147265   0.999065 -0.0406393   -41.3203
 -0.177914  0.0426133   0.983123    892.421
         0          0          0          1

<-Total transform 201->iterations: 23, Init error: 88.9487, SBA error57.7061#
   0.984379 -0.00686561    0.175929     508.989
  0.0140732     0.99911  -0.0397541    -39.6483
  -0.175499    0.041609      0.9836     929.369
          0           0           0           1

<-Total transform 205->iterations: 13, Init error: 267.245, SBA error171.977#
   0.983706 -0.00565235    0.179694     506.613
  0.0130029    0.999125  -0.0397546    -46.7019
  -0.179312   0.0414434    0.982919     956.936
          0           0           0           1

<-Total transform 209->iterations: 2, Init error: 125.344, SBA error124.541#
   0.983129 -0.00917771    0.182686     484.855
  0.0161879    0.999187   -0.036919    -39.5631
  -0.182198   0.0392535    0.982478     960.469
          0           0           0           1

<-Total transform 213->iterations: 3, Init error: 74.6734, SBA error37.88#
   0.982734 -0.00942064    0.184786     466.095
  0.0162803    0.999232  -0.0356403    -36.0549
  -0.184308   0.0380333    0.982132     976.281
          0           0           0           1

<-Total transform 217->iterations: 4, Init error: 521.302, SBA error361.217#
  0.982567 -0.0122167   0.185506    477.402
 0.0184134   0.999327 -0.0317181   -29.4675
 -0.184993   0.034581   0.982131    998.434
         0          0          0          1

<-Total transform 221->iterations: 2, Init error: 1966.75, SBA error799.028#
  0.982746 -0.0153507   0.184322     488.87
 0.0206998   0.999418 -0.0271314   -8.73589
 -0.183798  0.0304787   0.982491     1001.3
         0          0          0          1

<-Total transform 225->iterations: 2, Init error: 212.629, SBA error189.862#
  0.981951 -0.0187763     0.1882    506.172
 0.0236717   0.999436 -0.0237979    4.49369
 -0.187647  0.0278234   0.981842    1003.13
         0          0          0          1

<-Total transform 229->iterations: 2, Init error: 212.629, SBA error189.862#
  0.981951 -0.0187763     0.1882    506.172
 0.0236717   0.999436 -0.0237979    4.49369
 -0.187647  0.0278234   0.981842    1003.13
         0          0          0          1

<-Total transform 233->iterations: 2, Init error: 212.629, SBA error189.862#
  0.981951 -0.0187763     0.1882    506.172
 0.0236717   0.999436 -0.0237979    4.49369
 -0.187647  0.0278234   0.981842    1003.13
         0          0          0          1

<-Total transform 237->iterations: 78, Init error: 198.194, SBA error155.615#
  0.981553 -0.0191044   0.190231    523.401
 0.0240659   0.999427 -0.0238052    7.09945
 -0.189667  0.0279442   0.981451    1017.39
         0          0          0          1

<-Total transform 241->iterations: 2, Init error: 118.572, SBA error113.936#
  0.981247 -0.0195534   0.191759    529.633
  0.024331   0.999449 -0.0225913    10.8398
 -0.191211  0.0268333   0.981182    1031.03
         0          0          0          1

<-Total transform 245->iterations: 2, Init error: 26.8699, SBA error26.2159#
  0.980527 -0.0202508   0.195336    532.665
 0.0249981   0.999448 -0.0218681    13.1748
 -0.194785  0.0263253   0.980493       1022
         0          0          0          1

<-Total transform 249->iterations: 2, Init error: 49.2697, SBA error46.6072#
  0.979881 -0.0219885    0.19837     536.71
 0.0264738    0.99945 -0.0199865    16.9809
 -0.197821   0.024836   0.979923    1014.55
         0          0          0          1

<-Total transform 253->iterations: 3, Init error: 184.961, SBA error126.183#
  0.979526 -0.0230345   0.199993    525.738
 0.0268923   0.999501 -0.0165937    25.0436
 -0.199511  0.0216323   0.979657    1049.61
         0          0          0          1

<-Total transform 257->iterations: 10, Init error: 49.3755, SBA error40.8097#
  0.979465 -0.0228817    0.20031    530.698
 0.0263332   0.999547 -0.0145832    24.8226
 -0.199885  0.0195586   0.979624    1059.67
         0          0          0          1

<-Total transform 261->iterations: 47, Init error: 186.751, SBA error129.573#
  0.979383 -0.0217984   0.200833    549.772
 0.0250842    0.99959 -0.0138303    23.7407
 -0.200449  0.0185829   0.979528    1071.99
         0          0          0          1

<-Total transform 265->iterations: 3, Init error: 21.4705, SBA error19.2076#
  0.979999 -0.0201477   0.197978    558.942
 0.0226525   0.999689 -0.0103951    16.4877
 -0.197707  0.0146719   0.980151    1059.84
         0          0          0          1

<-Total transform 269->iterations: 1, Init error: 51.995, SBA error51.995#
   0.980138  -0.0186445    0.197438     558.399
  0.0209009    0.999738 -0.00935089     17.0957
  -0.197212   0.0132918    0.980271     1060.11
          0           0           0           1

<-Total transform 273->iterations: 35, Init error: 165.197, SBA error58.2641#
  0.980614 -0.0158766   0.195306    539.268
 0.0178987   0.999803 -0.0085929    32.3759
 -0.195131   0.011922   0.980705    1081.44
         0          0          0          1

<-Total transform 277->iterations: 58, Init error: 3362.09, SBA error95.8676#
   0.981307  -0.0127593    0.192024     485.311
  0.0146867    0.999855 -0.00861764     60.2479
  -0.191886   0.0112768    0.981352     1092.93
          0           0           0           1

<-Total transform 281->iterations: 5, Init error: 321.046, SBA error148.264#
   0.981693  -0.0100741    0.190204     446.306
  0.0118452    0.999896 -0.00817699     87.4939
  -0.190102   0.0102803     0.98171     1108.77
          0           0           0           1

<-Total transform 285->iterations: 15, Init error: 464.456, SBA error217.768#
   0.981801 -0.00920959    0.189687     429.148
  0.0110329    0.999903 -0.00855823     92.2697
   -0.18959   0.0104953    0.981807      1084.7
          0           0           0           1

<-Total transform 289->iterations: 46, Init error: 856.629, SBA error482.76#
   0.981646 -0.00718769    0.190576     429.066
 0.00902628    0.999921 -0.00878125     88.5008
  -0.190498   0.0103403    0.981633     1095.87
          0           0           0           1

<-Total transform 293->iterations: 2, Init error: 1095.47, SBA error427.474#
   0.981504 -0.00575407    0.191355     433.898
 0.00736194    0.999943  -0.0076927     90.9397
    -0.1913  0.00895916    0.981491     1102.78
          0           0           0           1

<-Total transform 297->iterations: 10, Init error: 65.4608, SBA error8.92502#
   0.981369 -0.00417122    0.192086     413.476
  0.0056448    0.999959 -0.00712484     94.5603
  -0.192048  0.00807638    0.981352     1099.16
          0           0           0           1

<-Total transform 301->iterations: 25, Init error: 22.7388, SBA error6.51634#
   0.980557 -0.00204425    0.196224     407.701
 0.00364188    0.999963 -0.00778141     98.5262
  -0.196201  0.00834474    0.980528     1106.53
          0           0           0           1

<-Total transform 305->iterations: 4, Init error: 42.4396, SBA error27.2995#
   0.979843 0.000601056    0.199766     425.659
 0.00151961    0.999944  -0.0104622     72.4848
  -0.199761   0.0105549    0.979788     1100.47
          0           0           0           1

<-Total transform 309->iterations: 4, Init error: 78.7736, SBA error43.2838#
   0.979563  0.00325294     0.20111     455.522
-0.00132328    0.999952 -0.00972874     38.8651
  -0.201132   0.0092638     0.97952     1087.38
          0           0           0           1

<-Total transform 313->iterations: 6, Init error: 38.5154, SBA error4.45092#
   0.978621  0.00839385    0.205502      446.06
-0.00589104    0.999901  -0.0127878     22.3955
  -0.205589   0.0113038    0.978573     1095.61
          0           0           0           1

<-Total transform 317->iterations: 19, Init error: 80.948, SBA error29.9536#
    0.97844  0.00847532    0.206359     471.813
-0.00565643    0.999883  -0.0142463     17.8017
  -0.206456   0.0127719    0.978373     1078.31
          0           0           0           1

<-Total transform 321->iterations: 6, Init error: 70.5966, SBA error28.2793#
  0.978334 0.00822361    0.20687    501.582
-0.0051534   0.999869 -0.0153758    9.49225
 -0.206969  0.0139765   0.978248    1106.42
         0          0          0          1

<-Total transform 325->iterations: 11, Init error: 97.1864, SBA error36.7409#
   0.978136  0.00732804    0.207835     517.055
-0.00386833    0.999847   -0.017048    -1.39929
  -0.207928   0.0158713    0.978015     1196.31
          0           0           0           1

<-Total transform 329->iterations: 2, Init error: 47.0027, SBA error44.219#
    0.977729   0.00486762     0.209815        524.7
-0.000978242     0.999826    -0.018637      9.59794
   -0.209869    0.0180167     0.977563      1211.22
           0            0            0            1

<-Total transform 333->iterations: 3, Init error: 48.4456, SBA error41.8351#
   0.977569  0.00289018    0.210594     523.036
0.000805937    0.999847  -0.0174629     12.5766
  -0.210612    0.017241    0.977418     1240.28
          0           0           0           1

<-Total transform 337->iterations: 8, Init error: 214.6, SBA error146.582#
   0.977131 0.000593093    0.212639     500.117
  0.0027063     0.99988   -0.015225     6.93741
  -0.212622   0.0154523    0.977012     1260.47
          0           0           0           1

<-Total transform 341->iterations: 16, Init error: 118.277, SBA error81.9531#
     0.97642 2.41484e-005     0.215878      483.862
  0.00333303     0.999879   -0.0151872      3.92359
   -0.215853    0.0155486     0.976302       1294.5
           0            0            0            1

<-Total transform 345->iterations: 2, Init error: 113.23, SBA error81.6123#
   0.975462 -0.00191792    0.220161     474.015
 0.00508935    0.999891  -0.0138388    -1.65302
   -0.22011   0.0146197    0.975365      1306.7
          0           0           0           1

<-Total transform 349->iterations: 3, Init error: 136.441, SBA error100.55#
   0.974849 -0.00745677    0.222744     462.297
  0.0100996    0.999891  -0.0107281     8.15728
  -0.222639   0.0127079    0.974818     1338.87
          0           0           0           1

<-Total transform 353->iterations: 10, Init error: 43.6254, SBA error29.5135#
   0.974057  -0.0111518    0.226027     452.287
  0.0136184    0.999863 -0.00935654     7.88561
  -0.225891   0.0121919    0.974076     1333.03
          0           0           0           1

<-Total transform 357->iterations: 3, Init error: 57.4495, SBA error30.1883#
  0.973737  -0.012902   0.227308    436.497
 0.0151846    0.99985 -0.0082962    11.1289
 -0.227167  0.0115299   0.973787    1332.08
         0          0          0          1

<-Total transform 361->iterations: 3, Init error: 117.596, SBA error38.6151#
   0.974379  -0.0123724     0.22457     406.037
  0.0145313    0.999863 -0.00796338     12.9397
  -0.224441   0.0110227    0.974425     1325.03
          0           0           0           1

<-Total transform 365->iterations: 42, Init error: 54.3237, SBA error16.2653#
  0.973595 -0.0113302      0.228    391.912
 0.0141424   0.999843  -0.010704    13.7874
 -0.227843  0.0136459   0.973602    1331.13
         0          0          0          1

<-Total transform 369->iterations: 39, Init error: 51.3805, SBA error38.3866#
  0.971066 -0.0121324   0.238504    390.562
  0.016334   0.999744 -0.0156482     5.5727
 -0.238253  0.0190912   0.971015    1333.31
         0          0          0          1

<-Total transform 373->iterations: 1, Init error: 33.5787, SBA error33.5787#
  0.970333 -0.0165733   0.241204    394.148
 0.0206588   0.999683 -0.0144186     7.5442
 -0.240889  0.0189738   0.970367    1332.24
         0          0          0          1

<-Total transform 377->iterations: 3, Init error: 2740.21, SBA error149.199#
  0.970169  -0.018839   0.241697    410.996
 0.0226395    0.99966 -0.0129566    10.7202
 -0.241371   0.018042   0.970265    1338.42
         0          0          0          1

<-Total transform 381->iterations: 2, Init error: 55.4955, SBA error51.9406#
  0.968833 -0.0142243   0.247305    433.596
 0.0192061   0.999658 -0.0177436    2.02487
 -0.246968  0.0219404   0.968775    1346.96
         0          0          0          1

<-Total transform 385->iterations: 9, Init error: 75.811, SBA error20.2107#
   0.967204 -0.00842824    0.253861     470.582
  0.0149464    0.999606  -0.0237583     10.4982
  -0.253561   0.0267734    0.966949     1389.64
          0           0           0           1

<-Total transform 389->iterations: 2, Init error: 39.0958, SBA error38.8591#
  0.967916 -0.0104928   0.251055    471.933
  0.016486   0.999627 -0.0217807    13.5774
 -0.250732  0.0252208   0.967728    1401.26
         0          0          0          1

<-Total transform 393->iterations: 8, Init error: 119.683, SBA error9.26528#
  0.967612 -0.0082386   0.252307    443.233
 0.0143221   0.999649 -0.0222844    42.1367
 -0.252035  0.0251762   0.967391    1432.37
         0          0          0          1

<-Total transform 397->iterations: 37, Init error: 55.7199, SBA error9.30489#
  0.966343 -0.0036535   0.257231    427.819
0.00957284   0.999717 -0.0217633    52.7137
 -0.257078  0.0234932   0.966105    1448.65
         0          0          0          1

<-Total transform 401->iterations: 20, Init error: 75.1666, SBA error24.4155#
   0.965601 -0.00258668    0.260017     405.449
 0.00785194    0.999785   -0.019213     71.6368
  -0.259911   0.0205938    0.965413     1455.82
          0           0           0           1

<-Total transform 405->iterations: 27, Init error: 46.0525, SBA error45.04#
    0.96449 -0.00745125    0.264016     408.211
  0.0129519    0.999734  -0.0191001     71.8647
  -0.263803   0.0218414    0.964329     1464.16
          0           0           0           1

<-Total transform 409->iterations: 1, Init error: 63.6093, SBA error63.6093#
    0.96405 -0.00669475    0.265635     410.743
   0.011711    0.999782  -0.0173046     74.5853
  -0.265461   0.0197934    0.963918     1463.31
          0           0           0           1

<-Total transform 413->iterations: 12, Init error: 38.2772, SBA error31.0986#
    0.963829 -0.000140864      0.26652      409.758
  0.00438138     0.999873   -0.0153161      89.1702
   -0.266484    0.0159299     0.963708      1474.56
           0            0            0            1

<-Total transform 417->iterations: 10, Init error: 50.7225, SBA error19.4838#
   0.962424  0.00867419    0.271413     407.575
-0.00377889    0.999821  -0.0185538       88.45
  -0.271525    0.016831    0.962284     1482.97
          0           0           0           1

<-Total transform 421->iterations: 3, Init error: 32.2597, SBA error10.4132#
   0.959221   0.0142118    0.282301     412.425
-0.00670123    0.999598  -0.0275526     66.5142
  -0.282579   0.0245372     0.95893     1481.91
          0           0           0           1

<-Total transform 425->iterations: 19, Init error: 26.8027, SBA error25.8916#
   0.957519   0.0100711    0.288194     424.541
0.000134309    0.999374  -0.0353699     54.3345
   -0.28837   0.0339061    0.956919     1480.67
          0           0           0           1

<-Total transform 429->iterations: 23, Init error: 23.0467, SBA error21.6697#
    0.956287    0.0121401     0.292177      434.746
-0.000373726     0.999188   -0.0402938      46.7073
   -0.292428    0.0384232     0.955515      1477.25
           0            0            0            1

<-Total transform 433->iterations: 10, Init error: 186.632, SBA error57.7247#
   0.954121   0.0158381    0.299001     481.772
-0.00191585    0.998903  -0.0467984      17.252
  -0.299414   0.0440785    0.953105     1494.91
          0           0           0           1

<-Total transform 437->iterations: 6, Init error: 495.153, SBA error374.047#
  0.952004  0.0107237   0.305896    508.799
0.00513657   0.998686 -0.0509965     14.864
 -0.306041  0.0501201   0.950698    1492.34
         0          0          0          1

<-Total transform 441->iterations: 4, Init error: 175.737, SBA error70.29#
  0.949036 0.00440545   0.315136    547.873
 0.0119642   0.998678 -0.0499913    24.8877
  -0.31494  0.0512139   0.947729    1489.54
         0          0          0          1

<-Total transform 445->iterations: 2, Init error: 46.6646, SBA error40.7753#
  0.945901  -0.001166   0.324455    574.386
 0.0184028   0.998577 -0.0500621    25.1447
 -0.323934  0.0533246   0.944576    1485.18
         0          0          0          1

<-Total transform 449->iterations: 1, Init error: 66.2552, SBA error66.2552#
    0.94334 -0.00613775    0.331771     585.328
  0.0255559    0.998203  -0.0541978     18.9869
  -0.330842   0.0596056    0.941802        1481
          0           0           0           1

<-Total transform 453->iterations: 17, Init error: 30.7725, SBA error21.6824#
  0.941007 -0.0127125   0.338147     592.06
 0.0329161   0.997994 -0.0540807    19.0044
 -0.336782  0.0620209   0.939538    1480.43
         0          0          0          1

<-Total transform 457->iterations: 2, Init error: 108.664, SBA error62.1289#
  0.938271 -0.0177699   0.345445    586.512
 0.0386082   0.997819 -0.0535362     9.6884
  -0.34374  0.0635685   0.936911     1485.4
         0          0          0          1

<-Total transform 461->iterations: 73, Init error: 49.7735, SBA error27.5554#
  0.934894 -0.0225269   0.354212     591.97
 0.0443686   0.997573 -0.0536619    9.33815
 -0.352143  0.0658841   0.933624    1480.38
         0          0          0          1

<-Total transform 465->iterations: 4, Init error: 60.0783, SBA error43.0246#
  0.932327 -0.0303522   0.360341    586.321
 0.0522453   0.997322 -0.0511703    13.6747
 -0.357823  0.0665336   0.931416    1477.37
         0          0          0          1

<-Total transform 469->iterations: 1, Init error: 44.2523, SBA error44.2523#
  0.929878 -0.0366227   0.366041    594.728
 0.0592041    0.99696 -0.0506534    14.5909
 -0.363073  0.0687726   0.929219       1474
         0          0          0          1

