<-One step transform 5->iterations: 2, Init error: 8.40472, SBA error7.19824#
   0.999999 -0.00054806  0.00147712     1.40144
0.000550215    0.999999 -0.00145918     1.65285
-0.00147632  0.00145999    0.999998    -4.14582
          0           0           0           1

<-One step transform 9->iterations: 29, Init error: 14.6747, SBA error4.75598#
           1  0.000651604  0.000606753      16.2785
-0.000651472            1 -0.000219122     -11.5246
-0.000606895  0.000218726            1     -22.3492
           0            0            0            1

<-One step transform 13->iterations: 3, Init error: 19.6793, SBA error8.92678#
            1 -5.05495e-005   0.000698976       14.3209
 5.03973e-005             1   0.000217794       1.29613
 -0.000698987  -0.000217758             1      -28.5915
            0             0             0             1

<-One step transform 17->iterations: 7, Init error: 37.2571, SBA error18.5168#
    0.999998  0.000248034   0.00209863      15.1901
-0.000244877     0.999999  -0.00150436     -3.42709
   -0.002099   0.00150384     0.999997     -33.3079
           0            0            0            1

<-One step transform 21->iterations: 30, Init error: 137.219, SBA error116.102#
    0.999979  0.000226432   0.00642166      10.6957
 -0.00022375            1 -0.000418419    -0.682982
 -0.00642175  0.000416973     0.999979     -13.6877
           0            0            0            1

<-One step transform 25->iterations: 2, Init error: 52.6192, SBA error34.3802#
     0.999997 -8.80841e-005    0.00236793       11.9319
 8.77314e-005             1    0.00014906      0.951686
  -0.00236794  -0.000148852      0.999997      -30.3883
            0             0             0             1

<-One step transform 29->iterations: 6, Init error: 33.8637, SBA error14.1925#
    0.999991   0.00126693   0.00414759      14.3808
  -0.0012656     0.999999 -0.000324939     -12.7754
 -0.00414799  0.000319687     0.999991     -60.9302
           0            0            0            1

<-One step transform 33->iterations: 11, Init error: 244.946, SBA error72.2746#
    0.999985  0.000803393   0.00537588      22.2838
-0.000807673     0.999999  0.000793992     -1.31261
 -0.00537524 -0.000798322     0.999985       43.223
           0            0            0            1

<-One step transform 37->iterations: 5, Init error: 7.61725, SBA error6.00207#
    0.999989  -0.00169722   0.00427592    -0.287852
  0.00169639     0.999999  0.000198908     0.433593
 -0.00427625 -0.000191652     0.999991     -2.70681
           0            0            0            1

<-One step transform 41->iterations: 2, Init error: 8.93188, SBA error7.76122#
    0.99999 -0.00131403  0.00435643    -2.33536
 0.00132107    0.999998 -0.00161322    0.917456
 -0.0043543  0.00161896    0.999989    -1.58784
          0           0           0           1

<-One step transform 45->iterations: 3, Init error: 14.4833, SBA error7.69504#
    0.999996  0.000514404   0.00284137     -8.15379
-0.000512091            1 -0.000814452    -0.606924
 -0.00284179  0.000812994     0.999996     -1.03185
           0            0            0            1

<-One step transform 49->iterations: 64, Init error: 18.5415, SBA error5.27131#
    0.999995  0.000741074   0.00313396     -9.41531
-0.000737736     0.999999  -0.00106635     -7.74125
 -0.00313475   0.00106404     0.999995     -17.7152
           0            0            0            1

<-One step transform 53->iterations: 27, Init error: 31.0191, SBA error15.5519#
    0.999987  0.000877826   0.00495768     -15.4889
-0.000867371     0.999997  -0.00211068      2.33908
 -0.00495952   0.00210635     0.999985     0.412826
           0            0            0            1

<-One step transform 57->iterations: 21, Init error: 34.7545, SBA error29.3118#
   0.999985 -0.00131161  0.00535939    -3.25018
 0.00131941    0.999998 -0.00145125   -0.243807
-0.00535748  0.00145829    0.999985    -3.20849
          0           0           0           1

<-One step transform 61->iterations: 37, Init error: 11.3547, SBA error9.29392#
    0.999953 -0.000361791    0.0097085     -2.87637
 0.000374084     0.999999  -0.00126441  -0.00240004
 -0.00970803   0.00126799     0.999952     -3.75055
           0            0            0            1

<-One step transform 65->iterations: 23, Init error: 22.1109, SBA error19.8491#
   0.999969 -0.00146867   0.0077038    -1.00455
 0.00147998    0.999998 -0.00146166  -0.0917637
-0.00770164  0.00147302    0.999969    -8.07604
          0           0           0           1

<-One step transform 69->iterations: 56, Init error: 58.8033, SBA error30.4943#
   0.999946 -0.00399326  0.00958871    -15.3181
 0.00400343    0.999991  -0.0010417    -1.42745
-0.00958447  0.00108003    0.999953     7.19657
          0           0           0           1

<-One step transform 73->iterations: 16, Init error: 29.3915, SBA error18.5604#
   0.999978 -0.00107327  0.00655124    -13.5688
  0.0010688    0.999999 0.000684727    -1.21313
-0.00655197 -0.00067771    0.999978     12.8491
          0           0           0           1

<-One step transform 77->iterations: 41, Init error: 10.0207, SBA error8.59079#
    0.999978 -0.000368019   0.00661189      -1.5686
 0.000372608            1  -0.00069282   0.00529288
 -0.00661163  0.000695268     0.999978    -0.548353
           0            0            0            1

<-One step transform 81->iterations: 2, Init error: 12.4019, SBA error11.7277#
   0.999974 -0.00206961  0.00697606    -3.86665
 0.00208176    0.999996 -0.00173407    0.123566
-0.00697244  0.00174854    0.999974   -0.234228
          0           0           0           1

<-One step transform 85->iterations: 21, Init error: 9.45746, SBA error7.52625#
   0.999967 -0.00169902  0.00792842     -1.0563
 0.00170918    0.999998  -0.0012744   0.0708453
-0.00792624  0.00128791    0.999968    -6.10634
          0           0           0           1

<-One step transform 89->iterations: 2, Init error: 8.46199, SBA error8.23815#
   0.999966 -0.00122595   0.0081322     3.07907
 0.00123769    0.999998  -0.0014394   0.0206373
-0.00813042  0.00144942    0.999966    -2.28526
          0           0           0           1

<-One step transform 93->iterations: 13, Init error: 15.4093, SBA error15.4089#
   0.999976 -0.00132902  0.00672903   -0.181162
 0.00133798    0.999998 -0.00132785 0.000384415
-0.00672725  0.00133682    0.999976 -0.00986849
          0           0           0           1

<-One step transform 97->iterations: 2, Init error: 14.3055, SBA error13.9515#
   0.999979 -0.00185195  0.00615912    -2.80273
 0.00186357    0.999996 -0.00188158     0.13569
-0.00615561  0.00189302    0.999979    0.235337
          0           0           0           1

<-One step transform 101->iterations: 2, Init error: 8.78926, SBA error8.18236#
   0.999955 -0.00159126  0.00937259     5.70131
 0.00162124    0.999994 -0.00319197     1.27577
-0.00936745  0.00320703    0.999951     -11.523
          0           0           0           1

<-One step transform 105->iterations: 3, Init error: 40.4994, SBA error36.227#
     0.999994    -0.0024088    0.00237558       7.28397
     0.002409      0.999997 -8.21721e-005       10.3161
  -0.00237537  8.78944e-005      0.999997      -2.00627
            0             0             0             1

<-One step transform 109->iterations: 2, Init error: 101.47, SBA error94.8762#
     0.999995   -0.00141393    0.00281913     -0.273148
   0.00141406      0.999999 -4.61938e-005        2.0916
  -0.00281906    5.018e-005      0.999996      -14.3921
            0             0             0             1

<-One step transform 113->iterations: 23, Init error: 73.9902, SBA error27.7914#
   0.999996  0.00240551  0.00176766     28.2348
-0.00240116    0.999994 -0.00246222    -8.70047
-0.00177358  0.00245797    0.999995    -50.1272
          0           0           0           1

<-One step transform 117->iterations: 5, Init error: 23.6247, SBA error11.0769#
   0.999991   0.0020605  0.00363226     12.3575
-0.00205545    0.999997 -0.00139536    -15.9519
-0.00363512  0.00138788    0.999992    -59.8626
          0           0           0           1

<-One step transform 121->iterations: 3, Init error: 41.2919, SBA error21.7237#
     0.999992 -5.39761e-005    0.00398992      -22.2765
 5.22593e-005             1   0.000430371     0.0304748
  -0.00398994  -0.000430159      0.999992      -21.3962
            0             0             0             1

<-One step transform 125->iterations: 30, Init error: 24.8493, SBA error4.81958#
    0.999995   0.00142845   0.00263899     -11.2067
  -0.0014265     0.999999 -0.000739269     -12.2997
 -0.00264004  0.000735501     0.999996     -15.9834
           0            0            0            1

<-One step transform 129->iterations: 1, Init error: 19.3775, SBA error19.3775#
    0.999996   0.00136006   0.00252767            0
 -0.00135935     0.999999 -0.000283498            0
 -0.00252805  0.000280061     0.999997            0
           0            0            0            1

<-One step transform 133->iterations: 28, Init error: 8.97988, SBA error8.4272#
            1 -1.46481e-005   0.000235509       2.56907
 1.46237e-005             1    0.00010346 -1.82298e-005
 -0.000235511  -0.000103457             1      -9.37596
            0             0             0             1

<-One step transform 137->iterations: 12, Init error: 9.54956, SBA error5.74895#
     0.999996    0.00125313    0.00266925       5.03257
  -0.00125293      0.999999 -7.45419e-005      -4.21685
  -0.00266934  7.11972e-005      0.999996      -41.6489
            0             0             0             1

<-One step transform 141->iterations: 22, Init error: 17.508, SBA error7.40586#
    0.999994  0.000114769   0.00333084      14.2908
-0.000114071            1  -0.00020978    -0.483168
 -0.00333087  0.000209399     0.999994     -28.9453
           0            0            0            1

<-One step transform 145->iterations: 2, Init error: 10.2531, SBA error9.51388#
    0.999993 -0.000387979   0.00373085     0.146637
 0.000389064            1 -0.000290119      1.79383
 -0.00373074  0.000291568     0.999993     -18.3484
           0            0            0            1

<-One step transform 149->iterations: 2, Init error: 84.8909, SBA error74.0517#
     0.999995  2.90953e-005    0.00327473      -15.4411
-2.82258e-005             1  -0.000265585     -0.246462
  -0.00327474   0.000265491      0.999995       20.7026
            0             0             0             1

<-One step transform 153->iterations: 69, Init error: 88.2299, SBA error60.9657#
           1 -0.000544863   0.00053017     -5.23358
 0.000544641            1  0.000419296      3.15655
-0.000530398 -0.000419008            1      21.0445
           0            0            0            1

<-One step transform 157->iterations: 7, Init error: 30.6356, SBA error6.72508#
   0.999997   0.0022139 0.000558495    -16.8975
-0.00221326    0.999997 -0.00113267     8.88725
  -0.000561  0.00113143    0.999999    -36.2986
          0           0           0           1

<-One step transform 161->iterations: 31, Init error: 34.0371, SBA error5.04105#
    0.999999   0.00149968  0.000526547      -14.187
 -0.00149924     0.999999 -0.000825643      -15.261
-0.000527785  0.000824852            1     -31.2771
           0            0            0            1

<-One step transform 165->iterations: 5, Init error: 16.5012, SBA error15.2642#
           1  -0.00012657  0.000226643     -5.60749
 0.000126609            1 -0.000171726    0.0582126
-0.000226621  0.000171754            1     -9.67832
           0            0            0            1

<-One step transform 169->iterations: 3, Init error: 21.5661, SBA error9.08633#
    0.999999 -0.000188909   0.00161946      11.2397
 0.000189947            1 -0.000640688      1.32195
 -0.00161934  0.000640995     0.999998     -38.4049
           0            0            0            1

<-One step transform 173->iterations: 30, Init error: 34.3827, SBA error14.7855#
    0.999996  0.000712336   0.00274954      15.2304
-0.000709386     0.999999  -0.00107379     -2.07189
  -0.0027503   0.00107184     0.999996      -39.194
           0            0            0            1

<-One step transform 177->iterations: 2, Init error: 24.4911, SBA error23.4546#
    0.999999 -0.000515461    0.0010346     -5.24604
 0.000516107            1 -0.000623925      3.24018
 -0.00103428  0.000624459     0.999999     -13.2133
           0            0            0            1

<-One step transform 181->iterations: 2, Init error: 22.2876, SBA error20.682#
           1 -0.000435306   0.00039298      -5.5563
  0.00043561            1 -0.000772408      2.85089
-0.000392644  0.000772579            1    -0.517009
           0            0            0            1

<-One step transform 185->iterations: 3, Init error: 25.0253, SBA error13.5244#
    0.999998  0.000214616     0.001901      7.45047
-0.000210472     0.999998  -0.00218002     0.447699
 -0.00190146   0.00217962     0.999996     -28.6733
           0            0            0            1

<-One step transform 189->iterations: 2, Init error: 87.578, SBA error77.5879#
    0.999998 -0.000190822   0.00197194      10.1996
 0.000195434     0.999997  -0.00233849      6.29582
 -0.00197149   0.00233887     0.999995      -52.392
           0            0            0            1

<-One step transform 193->iterations: 2, Init error: 33.2511, SBA error31.8479#
           1 -0.000796534  0.000204311      8.97892
  0.00079659            1 -0.000278023     0.114058
-0.000204089  0.000278185            1     -25.9891
           0            0            0            1

<-One step transform 197->iterations: 59, Init error: 75.7514, SBA error67.7148#
    0.999999  0.000420924   0.00101255     -4.76602
-0.000418599     0.999997  -0.00229461     0.291791
 -0.00101351   0.00229419     0.999997      5.44018
           0            0            0            1

<-One step transform 201->iterations: 9, Init error: 75.3071, SBA error27.3015#
    0.999997  0.000487691  -0.00246788     -31.6263
-0.000485253     0.999999  0.000988447      2.66198
  0.00246836 -0.000987247     0.999996     -7.91852
           0            0            0            1

<-One step transform 205->iterations: 3, Init error: 137.67, SBA error56.3977#
    0.999992   0.00105302   0.00387215     -31.0339
 -0.00105376     0.999999  0.000187887      -1.0988
 -0.00387195 -0.000191966     0.999992      2.14788
           0            0            0            1

<-One step transform 209->iterations: 2, Init error: 132.927, SBA error121.607#
   0.999989 -0.00364872  0.00289794     -30.075
  0.0036423    0.999991  0.00221864     2.74753
  -0.002906 -0.00220806    0.999993    -3.14195
          0           0           0           1

<-One step transform 213->iterations: 3, Init error: 73.0073, SBA error20.5705#
    0.999998 -0.000326655   0.00212562     -31.5045
 0.000324017     0.999999   0.00124122     0.480911
 -0.00212602  -0.00124053     0.999997      -21.024
           0            0            0            1

<-One step transform 217->iterations: 33, Init error: 69.9741, SBA error58.2617#
    0.999996  -0.00282231  0.000631639     -6.09523
  0.00282011      0.99999   0.00346263    -0.811588
-0.000641406  -0.00346083     0.999994     -16.7111
           0            0            0            1

<-One step transform 221->iterations: 26, Init error: 383.431, SBA error380.037#
   0.999994   -0.003091 -0.00130398    -3.16902
  0.0030963    0.999987  0.00408488    -1.27383
 0.00129133 -0.00408889    0.999991     -9.5246
          0           0           0           1

<-One step transform 225->iterations: 1, Init error: 42.9809, SBA error42.9809#
   0.999986 -0.00354531  0.00385168           0
 0.00353481     0.99999  0.00272949           0
-0.00386132 -0.00271584    0.999989           0
          0           0           0           1

<-One step transform 229->iterations: 24, Init error: 33.9423, SBA error17.6672#
     0.999998  -0.000385698    0.00205995      -10.1905
  0.000385866             1 -8.13798e-005       0.46581
  -0.00205992  8.21745e-005      0.999998      -41.3584
            0             0             0             1

<-One step transform 233->iterations: 2, Init error: 24.0002, SBA error15.1818#
    0.999999 -0.000492482   0.00154486      7.32898
 0.000490718     0.999999   0.00114174      2.66636
 -0.00154542  -0.00114098     0.999998     -23.9958
           0            0            0            1

<-One step transform 237->iterations: 32, Init error: 11.2395, SBA error10.5969#
   0.999993 -0.00079535  0.00362876    0.884996
0.000793243           1 0.000582012    0.139026
-0.00362922 -0.00057913    0.999993    -19.0984
          0           0           0           1

<-One step transform 241->iterations: 56, Init error: 28.5529, SBA error18.8865#
   0.999994 -0.00181925  0.00305508     -7.9283
  0.0018145    0.999997  0.00155749   -0.659027
-0.00305791 -0.00155194    0.999994    -5.29869
          0           0           0           1

<-One step transform 245->iterations: 8, Init error: 17.4106, SBA error14.1821#
   0.999998 -0.00108724   0.0016347    -6.34419
 0.00108194    0.999994  0.00324312   -0.992258
-0.00163822 -0.00324135    0.999993    -17.2507
          0           0           0           1

<-One step transform 249->iterations: 2, Init error: 21.2521, SBA error17.1482#
           1  0.000145886  0.000325464     -2.79973
-0.000146564     0.999998   0.00208214    -0.747091
 -0.00032516  -0.00208218     0.999998     -17.2795
           0            0            0            1

<-One step transform 253->iterations: 4, Init error: 51.793, SBA error15.5384#
    0.999999   0.00107299  0.000550066      -22.301
 -0.00107354     0.999999  0.000988099     -8.11051
-0.000549005 -0.000988689     0.999999     -37.2139
           0            0            0            1

<-One step transform 257->iterations: 4, Init error: 18.152, SBA error7.30971#
   0.999994  0.00170497  -0.0028889      1.3833
-0.00169383    0.999991  0.00385415    -10.6564
 0.00289544 -0.00384923    0.999988    -12.4655
          0           0           0           1

<-One step transform 261->iterations: 5, Init error: 12.2444, SBA error9.13415#
    0.999999   0.00151151 -0.000535071       10.004
 -0.00151078     0.999998   0.00137048     -4.15956
 0.000537141  -0.00136967     0.999999     -14.2968
           0            0            0            1

<-One step transform 265->iterations: 17, Init error: 11.1977, SBA error6.40526#
   0.999994  0.00279707 -0.00214673     5.72807
 -0.0027942    0.999995  0.00133599     1.62099
 0.00215046 -0.00132998    0.999997    -21.4392
          0           0           0           1

<-One step transform 269->iterations: 5, Init error: 46.8004, SBA error8.80505#
     0.99999    0.0031573  -0.00331713      -8.3639
 -0.00315532     0.999995  0.000603105      14.4949
  0.00331901 -0.000592632     0.999994     -16.9871
           0            0            0            1

<-One step transform 273->iterations: 12, Init error: 127.679, SBA error9.75147#
   0.999995  0.00270611 -0.00182934    -32.0291
-0.00270432    0.999996 0.000978153     17.7927
 0.00183198  -0.0009732    0.999998     8.55973
          0           0           0           1

<-One step transform 277->iterations: 10, Init error: 407.054, SBA error289.298#
    0.999999  0.000869935 -0.000519728     -50.7596
-0.000870049            1 -0.000219782      19.8393
 0.000519536  0.000220234            1     -7.07414
           0            0            0            1

<-One step transform 281->iterations: 17, Init error: 300.737, SBA error55.5655#
    0.999998   0.00201238  0.000923837     -52.3806
 -0.00201253     0.999998   0.00016166      11.1153
 -0.00092351 -0.000163519            1      -36.144
           0            0            0            1

<-One step transform 285->iterations: 4, Init error: 257.732, SBA error109.035#
    0.999999   0.00142539  0.000806134      -63.255
  -0.0014265     0.999998   0.00138584      33.2414
-0.000804157  -0.00138699     0.999999     -38.2745
           0            0            0            1

<-One step transform 289->iterations: 9, Init error: 79.6571, SBA error6.0898#
    0.999998   0.00157614  0.000757344     -26.0697
 -0.00157681     0.999998  0.000885975      1.86535
-0.000755947 -0.000887168     0.999999     -5.70991
           0            0            0            1

<-One step transform 293->iterations: 4, Init error: 20.1612, SBA error9.13631#
    0.999989   0.00209281   0.00423476      14.2012
 -0.00209173     0.999998 -0.000259632     -13.6788
  -0.0042353  0.000250771     0.999991     -5.74742
           0            0            0            1

<-One step transform 297->iterations: 5, Init error: 67.4072, SBA error12.0716#
    0.99999  0.00261505  0.00363477    -18.6232
-0.00260702    0.999994  -0.0022124    0.594166
-0.00364053   0.0022029    0.999991    -5.08534
          0           0           0           1

<-One step transform 301->iterations: 7, Init error: 24.8843, SBA error5.22373#
   0.999996  0.00263726  0.00140066    -11.4058
-0.00263906    0.999996  0.00128665        5.11
-0.00139726 -0.00129035    0.999998     9.86643
          0           0           0           1

<-One step transform 305->iterations: 7, Init error: 30.5071, SBA error21.6993#
   0.999977  0.00509918  0.00453885     9.04833
-0.00508979    0.999985  -0.0020782    -13.6087
-0.00454938  0.00205505    0.999988    -13.7181
          0           0           0           1

<-One step transform 309->iterations: 8, Init error: 64.2711, SBA error29.9992#
            1  7.15563e-005   0.000877381        17.522
-7.02616e-005      0.999999   -0.00147562      -14.0649
 -0.000877486    0.00147556      0.999999      -21.6353
            0             0             0             1

<-One step transform 313->iterations: 4, Init error: 39.711, SBA error10.7785#
           1 -0.000258359  0.000518196     -18.6723
 0.000258985     0.999999  -0.00120909    -0.651753
-0.000517883   0.00120922     0.999999      8.66523
           0            0            0            1

<-One step transform 317->iterations: 6, Init error: 80.8142, SBA error35.2197#
    0.999999 -0.000909271  0.000972591      20.6128
  0.00091112     0.999998  -0.00190211      5.68082
 -0.00097086   0.00190299     0.999998      -15.429
           0            0            0            1

<-One step transform 321->iterations: 2, Init error: 30.5598, SBA error19.9765#
   0.999995 -0.00249222  0.00198224     12.5554
 0.00249649    0.999995 -0.00215535     11.0721
-0.00197686  0.00216028    0.999996   -0.317499
          0           0           0           1

<-One step transform 325->iterations: 3, Init error: 19.5314, SBA error15.3647#
    0.999998  -0.00199147   0.00075943     0.794759
  0.00199088     0.999998  0.000773642      5.40729
-0.000760969 -0.000772129     0.999999       12.352
           0            0            0            1

<-One step transform 329->iterations: 3, Init error: 17.1547, SBA error15.2386#
   0.999995 -0.00233279   0.0020511    0.621761
 0.00232912    0.999996  0.00178771     1.54114
-0.00205526 -0.00178292    0.999996    0.381321
          0           0           0           1

<-One step transform 333->iterations: 11, Init error: 34.723, SBA error13.6271#
     0.999994  -0.000620122    0.00330741      -9.66017
  0.000620444             1 -9.62887e-005    -0.0351041
  -0.00330735  9.83402e-005      0.999995       13.2305
            0             0             0             1

<-One step transform 337->iterations: 3, Init error: 229.663, SBA error168.492#
    0.999988  -0.00201007   0.00435767      -23.792
    0.002006     0.999998  0.000937543      -9.6247
 -0.00435954 -0.000928791      0.99999      9.12605
           0            0            0            1

<-One step transform 341->iterations: 2, Init error: 115.597, SBA error96.3511#
   0.999981 -0.00557711   0.0025732    -14.7303
 0.00557215    0.999983  0.00193125    -14.3664
-0.00258393 -0.00191687    0.999995     8.04441
          0           0           0           1

<-One step transform 345->iterations: 3, Init error: 135.416, SBA error66.9625#
    0.999987  -0.00373788   0.00332969     -25.8966
  0.00373606     0.999993  0.000553206     -11.5046
 -0.00333173 -0.000540759     0.999994      13.2759
           0            0            0            1

<-One step transform 349->iterations: 2, Init error: 75.4225, SBA error49.4812#
    0.999998  -0.00176624   0.00129938     -18.3382
  0.00176536     0.999998  0.000678911      5.76037
 -0.00130058 -0.000676616     0.999999     0.139745
           0            0            0            1

<-One step transform 353->iterations: 12, Init error: 47.0228, SBA error25.6286#
    0.999996  0.000561949    -0.002806      -20.117
-0.000560625            1  0.000472635      2.24953
  0.00280627  -0.00047106     0.999996     -4.01206
           0            0            0            1

<-One step transform 357->iterations: 4, Init error: 57.2343, SBA error19.2656#
    0.999993   0.00100332    0.0035291     -22.6954
-0.000994202     0.999996  -0.00258348     -3.15929
 -0.00353168   0.00257995      0.99999     -8.11435
           0            0            0            1

<-One step transform 361->iterations: 2, Init error: 128.206, SBA error88.5769#
    0.999941 -0.000950228    0.0107925     -16.3041
  0.00100763     0.999985  -0.00531434     -7.91691
  -0.0107873    0.0053249     0.999928     -6.14823
           0            0            0            1

<-One step transform 365->iterations: 63, Init error: 66.4885, SBA error48.9609#
    0.999986  -0.00449404   0.00271198     -12.9452
  0.00449361      0.99999  0.000162393     -3.86627
 -0.00271268 -0.000150204     0.999996       9.5553
           0            0            0            1

<-One step transform 369->iterations: 32, Init error: 63.5285, SBA error44.2766#
    0.999997  -0.00227542  0.000474688     -15.1807
  0.00227497     0.999997  0.000941092     -1.73529
-0.000476828  -0.00094001     0.999999      6.36163
           0            0            0            1

<-One step transform 373->iterations: 6, Init error: 37.1234, SBA error12.8184#
   0.999973  0.00451023  0.00584625    -1.68881
-0.00448797    0.999983   -0.003816     18.7464
-0.00586336  0.00378966    0.999976      18.671
          0           0           0           1

<-One step transform 377->iterations: 7, Init error: 41.8548, SBA error14.9751#
    0.99996  0.00564643  0.00688124    -4.87498
-0.00561363    0.999973 -0.00477599     18.1387
-0.00690802  0.00473717    0.999965     35.0953
          0           0           0           1

<-One step transform 381->iterations: 2, Init error: 50.3699, SBA error45.0006#
   0.999994 -0.00198644 -0.00294955     11.1759
 0.00199094    0.999997   0.0015224    0.480739
 0.00294652 -0.00152827    0.999994      13.584
          0           0           0           1

<-One step transform 385->iterations: 30, Init error: 64.446, SBA error58.6216#
     0.999997    0.00222108    0.00134549       16.1156
  -0.00222116      0.999998  5.57206e-005      -8.68426
  -0.00134536 -5.87089e-005      0.999999       28.7674
            0             0             0             1

<-One step transform 389->iterations: 12, Init error: 25.3044, SBA error9.85622#
   0.999977   0.0044556  0.00519795   -0.837767
 -0.0044645    0.999989  0.00170281     18.4092
 -0.0051903 -0.00172597    0.999985     44.2464
          0           0           0           1

<-One step transform 393->iterations: 5, Init error: 123.31, SBA error92.6637#
   0.999995 0.000998776  0.00290775    -32.5467
-0.00100723    0.999995  0.00290778     39.8722
-0.00290483 -0.00291069    0.999992     31.1836
          0           0           0           1

<-One step transform 397->iterations: 11, Init error: 54.5829, SBA error31.4449#
    0.99998 -0.00494907  0.00404898    -13.4357
 0.00495404    0.999987 -0.00121756     -3.5793
 -0.0040429  0.00123759    0.999991     9.74688
          0           0           0           1

<-One step transform 401->iterations: 8, Init error: 72.1228, SBA error23.1907#
    0.999998  0.000719683     0.001694     -25.8414
-0.000723172     0.999998   0.00205985      9.08861
 -0.00169252  -0.00206107     0.999996      2.89901
           0            0            0            1

<-One step transform 405->iterations: 11, Init error: 28.4969, SBA error17.0563#
   0.999978  0.00653454  0.00104175    -5.88015
-0.00653852    0.999971  0.00386429     5.17334
-0.00101646 -0.00387102    0.999992      7.5579
          0           0           0           1

<-One step transform 409->iterations: 1, Init error: 48.3698, SBA error48.3698#
    0.999948   0.00873284   0.00523006            0
 -0.00872801     0.999961 -0.000946442            0
 -0.00523812  0.000900745     0.999986            0
           0            0            0            1

<-One step transform 413->iterations: 39, Init error: 20.608, SBA error17.6722#
    0.99992   0.0053467     0.01144    0.049371
-0.00525685    0.999955 -0.00786963    -0.72092
 -0.0114815  0.00780886    0.999904    -7.36248
          0           0           0           1

<-One step transform 417->iterations: 20, Init error: 40.1409, SBA error26.5318#
   0.999973 -0.00428999  0.00603051    -10.5554
 0.00434677    0.999946 -0.00943337    -2.83137
-0.00598971  0.00945933    0.999937    -6.09316
          0           0           0           1

<-One step transform 421->iterations: 22, Init error: 31.1427, SBA error8.0994#
   0.999989  0.00192672   0.0042364    -13.4821
-0.00190735    0.999988 -0.00457152    -8.03775
-0.00424516  0.00456339    0.999981     1.59171
          0           0           0           1

<-One step transform 425->iterations: 3, Init error: 14.577, SBA error14.2092#
   0.999968  0.00342079  0.00729655     2.52634
-0.00337869    0.999978 -0.00577529   -0.272798
-0.00731615  0.00575045    0.999957    0.430947
          0           0           0           1

<-One step transform 429->iterations: 11, Init error: 9.7946, SBA error9.40691#
   0.999961 -0.00542744  0.00698027     2.46345
  0.0054702    0.999966 -0.00612234   0.0746534
-0.00694681  0.00616028    0.999957     2.13306
          0           0           0           1

<-One step transform 433->iterations: 6, Init error: 167.826, SBA error148.414#
   0.999933 -0.00679638  0.00937591     6.01463
 0.00680731    0.999976 -0.00113432     3.17564
-0.00936798  0.00119807    0.999955      1.2529
          0           0           0           1

<-One step transform 437->iterations: 4, Init error: 506.366, SBA error408.981#
   0.999936 -0.00606744  0.00953351     16.3088
 0.00608772    0.999979 -0.00210001     7.70607
-0.00952057  0.00215792    0.999952    0.480886
          0           0           0           1

<-One step transform 441->iterations: 3, Init error: 190.087, SBA error98.5136#
   0.999958 -0.00537806  0.00747492     24.4933
 0.00542477    0.999966 -0.00624356     14.6021
-0.00744109  0.00628385    0.999953     3.89629
          0           0           0           1

<-One step transform 445->iterations: 26, Init error: 50.1627, SBA error36.8057#
   0.999955 -0.00696819  0.00638553     13.8537
 0.00698324    0.999973 -0.00233731    0.147618
-0.00636907   0.0023818    0.999977     1.49344
          0           0           0           1

<-One step transform 449->iterations: 1, Init error: 58.7281, SBA error58.7281#
   0.999957 -0.00553194  0.00746404           0
 0.00554266    0.999984  -0.0014162           0
-0.00745608  0.00145751    0.999971           0
          0           0           0           1

<-One step transform 453->iterations: 21, Init error: 27.7309, SBA error18.5573#
   0.999945 -0.00534637  0.00907261    -3.56459
 0.00536575    0.999983 -0.00211349   -0.391676
-0.00906116  0.00216205    0.999957     3.35035
          0           0           0           1

<-One step transform 457->iterations: 2, Init error: 101.938, SBA error93.6758#
    0.999947  -0.00824914   0.00611104     -15.1658
  0.00825213     0.999966 -0.000464079     -16.3413
   -0.006107  0.000514484     0.999981      14.2738
           0            0            0            1

<-One step transform 461->iterations: 66, Init error: 44.848, SBA error24.7708#
   0.999961 -0.00667328  0.00576737    -8.48633
  0.0066851    0.999976 -0.00203268   -0.968127
-0.00575367  0.00207116    0.999981     2.97097
          0           0           0           1

<-One step transform 465->iterations: 4, Init error: 47.8428, SBA error32.695#
   0.999989  -0.0038061  0.00261207    -14.3864
 0.00381196     0.99999 -0.00224097     9.00935
-0.00260351   0.0022509    0.999994     6.33853
          0           0           0           1

<-One step transform 469->iterations: 3, Init error: 37.2731, SBA error34.2551#
            1 -3.05556e-005  -0.000165079      -1.78912
 3.05712e-005             1  9.50355e-005      0.313478
  0.000165076 -9.50405e-005             1       10.6817
            0             0             0             1

