<-Total transform 5->iterations: 2, Init error: 8.40472, SBA error7.19824#
   0.999999 -0.00054806  0.00147712     1.40144
0.000550215    0.999999 -0.00145918     1.65285
-0.00147632  0.00145999    0.999998    -4.14582
          0           0           0           1

<-Total transform 9->iterations: 29, Init error: 14.6747, SBA error4.75598#
    0.999998   0.00010443   0.00208292      17.6785
-0.000100932     0.999999  -0.00167927     -9.87171
 -0.00208309   0.00167905     0.999996     -26.4955
           0            0            0            1

<-Total transform 13->iterations: 3, Init error: 19.6793, SBA error8.92678#
     0.999996  5.50538e-005    0.00278198       31.9813
-5.09885e-005      0.999999   -0.00146137      -8.58046
  -0.00278206    0.00146122      0.999995      -55.0972
            0             0             0             1

<-Total transform 17->iterations: 7, Init error: 37.2571, SBA error18.5168#
   0.999988 0.000306154  0.00488023     47.0536
-0.00029168    0.999996  -0.0029664    -11.9325
-0.00488112  0.00296494    0.999984     -88.485
          0           0           0           1

<-Total transform 21->iterations: 30, Init error: 137.219, SBA error116.102#
    0.999936  0.000551619     0.011301      57.1774
-0.000513384     0.999994   -0.0033859      -12.589
  -0.0113028   0.00337989      0.99993     -102.478
           0            0            0            1

<-Total transform 25->iterations: 2, Init error: 52.6192, SBA error34.3802#
    0.999906  0.000471537     0.013669      68.8676
-0.000427343     0.999995  -0.00323586     -11.6475
  -0.0136705   0.00322972     0.999901     -132.999
           0            0            0            1

<-Total transform 29->iterations: 6, Init error: 33.8637, SBA error14.1925#
    0.99984  0.00175185    0.017812     82.6814
-0.00168838    0.999992 -0.00357807    -24.4669
 -0.0178181  0.00354742    0.999835    -194.218
          0           0           0           1

<-Total transform 33->iterations: 11, Init error: 244.946, SBA error72.2746#
   0.999728  0.00257429   0.0231839       103.9
-0.00251007    0.999993 -0.00279859    -26.0005
 -0.0231909  0.00273964    0.999727    -151.417
          0           0           0           1

<-Total transform 37->iterations: 5, Init error: 7.61725, SBA error6.00207#
    0.999622  0.000888762    0.0274631      103.008
-0.000818752     0.999996   -0.0025604     -25.4207
  -0.0274653   0.00253695      0.99962     -154.562
           0            0            0            1

<-Total transform 41->iterations: 2, Init error: 8.93188, SBA error7.76122#
    0.999493 -0.000414225     0.031821      100.032
 0.000546132     0.999991  -0.00413673     -24.1178
   -0.031819   0.00415201     0.999485     -156.637
           0            0            0            1

<-Total transform 45->iterations: 3, Init error: 14.4833, SBA error7.69504#
    0.999399  0.000111973    0.0346586      91.4199
6.02154e-005     0.999988  -0.00496705     -24.6483
  -0.0346587   0.00496615     0.999387     -157.973
           0            0            0            1

<-Total transform 49->iterations: 64, Init error: 18.5415, SBA error5.27131#
    0.999285  0.000868602    0.0377868      81.4908
-0.000640119     0.999981  -0.00605832     -32.2886
  -0.0377914    0.0060298     0.999267         -176
           0            0            0            1

<-Total transform 53->iterations: 27, Init error: 31.0191, SBA error15.5519#
  0.999085 0.00177629   0.042735    65.0999
-0.0014271   0.999965 -0.0082002   -29.6486
-0.0427481 0.00813171   0.999053   -176.056
         0          0          0          1

<-Total transform 57->iterations: 21, Init error: 34.7545, SBA error29.3118#
     0.998842   0.000508281     0.0480995       60.9441
-4.68612e-005      0.999954   -0.00959367       -29.551
   -0.0481021    0.00958031      0.998796      -179.654
            0             0             0             1

<-Total transform 61->iterations: 37, Init error: 11.3547, SBA error9.29392#
   0.998328 0.000239493   0.0577975     56.3314
0.000387611    0.999941  -0.0108386    -29.3034
 -0.0577967   0.0108428    0.998269    -184.025
          0           0           0           1

<-Total transform 65->iterations: 23, Init error: 22.1109, SBA error19.8491#
   0.997852 -0.00114557   0.0655021     53.9504
 0.00194959    0.999924  -0.0122121    -29.0427
 -0.0654831   0.0123136    0.997778    -192.573
          0           0           0           1

<-Total transform 69->iterations: 56, Init error: 58.8033, SBA error30.4943#
   0.997162 -0.00502039   0.0751147     36.8989
 0.00601262    0.999898  -0.0129892    -30.0533
 -0.0750418    0.013404     0.99709    -185.916
          0           0           0           1

<-Total transform 73->iterations: 16, Init error: 29.3915, SBA error18.5604#
   0.996642 -0.00600563   0.0816592     22.1435
   0.007027    0.999901  -0.0122262    -31.3543
 -0.0815776   0.0127589    0.996585    -173.284
          0           0           0           1

<-Total transform 77->iterations: 41, Init error: 10.0207, SBA error8.59079#
   0.996078 -0.00628912   0.0882512     19.4403
 0.00745488    0.999889  -0.0128862    -31.2207
 -0.0881604   0.0134935    0.996015    -173.997
          0           0           0           1

<-Total transform 81->iterations: 2, Init error: 12.4019, SBA error11.7277#
  0.995422 -0.0082642  0.0952238    14.4239
0.00968132   0.999849 -0.0144296   -30.7548
-0.0950902  0.0152854   0.995351   -174.417
         0          0          0          1

<-Total transform 85->iterations: 21, Init error: 9.45746, SBA error7.52625#
  0.994618 -0.0098415   0.103137    12.0365
 0.0115038   0.999813 -0.0155353    -30.437
 -0.102965  0.0166381   0.994546   -180.671
         0          0          0          1

<-Total transform 89->iterations: 2, Init error: 8.46199, SBA error8.23815#
  0.993733 -0.0109316    0.11124    13.6832
  0.012883   0.999775 -0.0168391   -30.1413
 -0.111031  0.0181667   0.993651   -183.092
         0          0          0          1

<-Total transform 93->iterations: 13, Init error: 15.4093, SBA error15.4089#
  0.992946 -0.0121378   0.117946    12.3098
 0.0143601   0.999735 -0.0180097   -29.8795
 -0.117696  0.0195764   0.992857    -183.23
         0          0          0          1

<-Total transform 97->iterations: 2, Init error: 14.3055, SBA error13.9515#
  0.992174 -0.0138684   0.124092    8.43361
 0.0164319   0.999672  -0.019658    -29.376
 -0.123779  0.0215432   0.992076   -183.123
         0          0          0          1

<-Total transform 101->iterations: 2, Init error: 8.78926, SBA error8.18236#
  0.990943 -0.0152566   0.133416    12.4649
 0.0184354   0.999574 -0.0226233   -27.5018
 -0.133014   0.024878   0.990802   -194.811
         0          0          0          1

<-Total transform 105->iterations: 3, Init error: 40.4994, SBA error36.227#
  0.990577 -0.0176052   0.135824    19.3523
 0.0208335   0.999532 -0.0223833   -17.1396
 -0.135366   0.025002    0.99048   -196.848
         0          0          0          1

<-Total transform 109->iterations: 2, Init error: 101.47, SBA error94.8762#
  0.990161 -0.0189479   0.138647    18.5483
 0.0222405   0.999505 -0.0222369   -15.0115
 -0.138157  0.0251017   0.990092   -211.295
         0          0          0          1

<-Total transform 113->iterations: 23, Init error: 73.9902, SBA error27.7914#
  0.989965 -0.0164991   0.140343    46.3735
  0.020203   0.999483 -0.0250076   -23.2362
 -0.139858   0.027592   0.989787   -261.491
         0          0          0          1

<-Total transform 117->iterations: 5, Init error: 23.6247, SBA error11.0769#
   0.98949 -0.0143393   0.143885    57.7329
 0.0183632   0.999475 -0.0266771   -38.9185
 -0.143427  0.0290389   0.989235   -321.552
         0          0          0          1

<-Total transform 121->iterations: 3, Init error: 41.2919, SBA error21.7237#
  0.988909 -0.0142773   0.147833    34.1751
 0.0183532   0.999487 -0.0262438   -39.0234
 -0.147382  0.0286659   0.988664    -343.16
         0          0          0          1

<-Total transform 125->iterations: 30, Init error: 24.8493, SBA error4.81958#
  0.988542 -0.0127739   0.150404     22.007
 0.0170515   0.999485 -0.0271855   -51.1181
 -0.149979  0.0294386   0.988251   -359.261
         0          0          0          1

<-Total transform 129->iterations: 1, Init error: 19.3775, SBA error19.3775#
  0.988182   -0.01134   0.152864    21.0293
 0.0157502   0.999493 -0.0276701   -51.0461
 -0.152473  0.0297508    0.98786   -359.329
         0          0          0          1

<-Total transform 133->iterations: 28, Init error: 8.97988, SBA error8.4272#
  0.988146 -0.0113477   0.153097    23.5144
 0.0157489   0.999496 -0.0275657    -51.083
 -0.152707    0.02965   0.987827   -368.705
         0          0          0          1

<-Total transform 137->iterations: 12, Init error: 9.54956, SBA error5.74895#
  0.987754  -0.010016   0.155699    27.4987
 0.0145222   0.999507 -0.0278311   -55.3018
 -0.155343  0.0297514   0.987412   -410.419
         0          0          0          1

<-Total transform 141->iterations: 22, Init error: 17.508, SBA error7.40586#
   0.987233 -0.00980212    0.158983      40.416
  0.0144421    0.999502   -0.028056     -55.702
  -0.158629   0.0299939    0.986883    -439.465
          0           0           0           1

<-Total transform 145->iterations: 2, Init error: 10.2531, SBA error9.51388#
  0.986628 -0.0100779   0.162675    38.9444
 0.0148722   0.999489 -0.0282805   -53.7649
 -0.162307  0.0303217   0.986274   -457.978
         0          0          0          1

<-Total transform 149->iterations: 2, Init error: 84.8909, SBA error74.0517#
   0.986092 -0.00994951    0.165903     22.0017
  0.0148874    0.999482   -0.028547    -53.8908
  -0.165533   0.0306198    0.985729    -437.414
          0           0           0           1

<-Total transform 153->iterations: 69, Init error: 88.2299, SBA error60.9657#
  0.985996 -0.0104779   0.166441    16.5656
 0.0153551   0.999489 -0.0280433   -50.9057
 -0.166062  0.0302063   0.985653   -416.359
         0          0          0          1

<-Total transform 157->iterations: 7, Init error: 30.6356, SBA error6.72508#
   0.985934 -0.00824819    0.166929   -0.677163
  0.0133609    0.999475   -0.029528    -41.5834
  -0.166598    0.031343    0.985527    -452.724
          0           0           0           1

<-Total transform 161->iterations: 31, Init error: 34.0371, SBA error5.04105#
   0.985865 -0.00673279    0.167404    -15.1649
  0.0120203     0.99946   -0.030592    -56.4695
  -0.167107   0.0321718    0.985414    -484.035
          0           0           0           1

<-Total transform 165->iterations: 5, Init error: 16.5012, SBA error15.2642#
 0.985826 -0.006852  0.167631  -20.8749
0.0121738  0.999453  -0.03074    -56.33
-0.167329  0.032345   0.98537   -493.72
        0         0         0         1

<-Total transform 169->iterations: 3, Init error: 21.5661, SBA error9.08633#
   0.985551 -0.00698841    0.169232    -10.4241
  0.0124682    0.999431  -0.0313394    -54.6957
  -0.168917   0.0329967    0.985078    -532.126
          0           0           0           1

<-Total transform 173->iterations: 30, Init error: 34.3827, SBA error14.7855#
   0.985092 -0.00618573    0.171918      3.3043
  0.0119505      0.9994  -0.0325172    -56.1888
  -0.171613    0.034087    0.984574    -571.348
          0           0           0           1

<-Total transform 177->iterations: 2, Init error: 24.4911, SBA error23.4546#
   0.984908 -0.00666561    0.172953     -2.5039
  0.0125659    0.999375  -0.0330428    -52.5904
  -0.172625   0.0347174    0.984376    -584.599
          0           0           0           1

<-Total transform 181->iterations: 2, Init error: 22.2876, SBA error20.682#
  0.984834  -0.007087   0.173354   -8.26704
 0.0131283   0.999345 -0.0337278    -49.289
 -0.173002  0.0354921   0.984282   -585.155
         0          0          0          1

<-Total transform 185->iterations: 3, Init error: 25.0253, SBA error13.5244#
   0.984506 -0.00680504    0.175218    -1.93951
  0.0132981    0.999267    -0.03591    -47.5638
  -0.174845   0.0376836    0.983875    -613.918
          0           0           0           1

<-Total transform 189->iterations: 2, Init error: 87.578, SBA error77.5879#
  0.984157 -0.0069214   0.177164     7.0586
 0.0138994   0.999174 -0.0381764   -39.8326
 -0.176754   0.040034   0.983441   -666.414
         0          0          0          1

<-Total transform 193->iterations: 2, Init error: 33.2511, SBA error31.8479#
   0.984109 -0.00770909    0.177396     15.9331
  0.0147325    0.999157  -0.0383087    -39.5276
  -0.176951   0.0403134    0.983394    -692.416
          0           0           0           1

<-Total transform 197->iterations: 59, Init error: 75.7514, SBA error67.7148#
  0.983936 -0.0072477   0.178375    10.4493
 0.0147265   0.999065 -0.0406393   -37.6536
 -0.177914  0.0426133   0.983123   -687.081
         0          0          0          1

<-Total transform 201->iterations: 9, Init error: 75.3071, SBA error27.3015#
   0.984379 -0.00686561    0.175929    -19.4998
  0.0140732     0.99911  -0.0397541    -35.6758
  -0.175499    0.041609      0.9836    -694.934
          0           0           0           1

<-Total transform 205->iterations: 3, Init error: 137.67, SBA error56.3977#
   0.983706 -0.00565235    0.179694    -53.2619
  0.0130029    0.999125  -0.0397546    -36.8846
  -0.179312   0.0414434    0.982919    -692.698
          0           0           0           1

<-Total transform 209->iterations: 2, Init error: 132.927, SBA error121.607#
   0.983129 -0.00917771    0.182686    -85.2092
  0.0161879    0.999187   -0.036919    -35.8676
  -0.182198   0.0392535    0.982478    -695.599
          0           0           0           1

<-Total transform 213->iterations: 3, Init error: 73.0073, SBA error20.5705#
   0.982734 -0.00942064    0.184786     -118.18
  0.0162803    0.999232  -0.0356403    -36.2777
  -0.184308   0.0380333    0.982132    -716.396
          0           0           0           1

<-Total transform 217->iterations: 33, Init error: 69.9741, SBA error58.2617#
  0.982567 -0.0122167   0.185506   -124.625
 0.0184134   0.999327 -0.0317181   -39.9028
 -0.184993   0.034581   0.982131   -732.901
         0          0          0          1

<-Total transform 221->iterations: 26, Init error: 383.431, SBA error380.037#
  0.982746 -0.0153507   0.184322   -126.714
 0.0206998   0.999418 -0.0271314   -44.5558
 -0.183798  0.0304787   0.982491   -742.417
         0          0          0          1

<-Total transform 225->iterations: 1, Init error: 42.9809, SBA error42.9809#
  0.981951 -0.0187763     0.1882   -129.414
 0.0236717   0.999436 -0.0237979   -47.0297
 -0.187647  0.0278234   0.981842   -741.798
         0          0          0          1

<-Total transform 229->iterations: 24, Init error: 33.9423, SBA error17.6672#
  0.981553 -0.0191044   0.190231   -141.114
 0.0240659   0.999427 -0.0238052   -46.5534
 -0.189667  0.0279442   0.981451   -782.892
         0          0          0          1

<-Total transform 233->iterations: 2, Init error: 24.0002, SBA error15.1818#
  0.981247 -0.0195534   0.191759   -134.972
  0.024331   0.999449 -0.0225913   -44.8501
 -0.191211  0.0268333   0.981182   -806.615
         0          0          0          1

<-Total transform 237->iterations: 32, Init error: 11.2395, SBA error10.5969#
  0.980527 -0.0202508   0.195336   -136.977
 0.0249981   0.999448 -0.0218681   -45.2876
 -0.194785  0.0263253   0.980493   -825.192
         0          0          0          1

<-Total transform 241->iterations: 56, Init error: 28.5529, SBA error18.8865#
  0.979881 -0.0219885    0.19837   -147.343
 0.0264738    0.99945 -0.0199865   -47.4803
 -0.197821   0.024836   0.979923   -829.997
         0          0          0          1

<-Total transform 245->iterations: 8, Init error: 17.4106, SBA error14.1821#
  0.979526 -0.0230345   0.199993   -154.992
 0.0268923   0.999501 -0.0165937   -51.3235
 -0.199511  0.0216323   0.979657   -846.847
         0          0          0          1

<-Total transform 249->iterations: 2, Init error: 21.2521, SBA error17.1482#
  0.979465 -0.0228817    0.20031   -158.075
 0.0263332   0.999547 -0.0145832    -53.811
 -0.199885  0.0195586   0.979624   -863.967
         0          0          0          1

<-Total transform 253->iterations: 4, Init error: 51.793, SBA error15.5384#
  0.979383 -0.0217984   0.200833   -180.909
 0.0250842    0.99959 -0.0138303   -62.6054
 -0.200449  0.0185829   0.979528   -901.041
         0          0          0          1

<-Total transform 257->iterations: 4, Init error: 18.152, SBA error7.30971#
  0.979999 -0.0201477   0.197978   -177.028
 0.0226525   0.999689 -0.0103951   -76.4275
 -0.197707  0.0146719   0.980151   -913.779
         0          0          0          1

<-Total transform 261->iterations: 5, Init error: 12.2444, SBA error9.13415#
   0.980138  -0.0186445    0.197438    -166.651
  0.0209009    0.999738 -0.00935089    -81.5718
  -0.197212   0.0132918    0.980271    -928.065
          0           0           0           1

<-Total transform 265->iterations: 17, Init error: 11.1977, SBA error6.40526#
  0.980614 -0.0158766   0.195306   -159.158
 0.0178987   0.999803 -0.0085929   -80.7246
 -0.195131   0.011922   0.980705   -949.751
         0          0          0          1

<-Total transform 269->iterations: 5, Init error: 46.8004, SBA error8.80505#
   0.981307  -0.0127593    0.192024    -164.624
  0.0146867    0.999855 -0.00861764    -66.2999
  -0.191886   0.0112768    0.981352    -967.213
          0           0           0           1

<-Total transform 273->iterations: 12, Init error: 127.679, SBA error9.75147#
   0.981693  -0.0100741    0.190204    -195.062
  0.0118452    0.999896 -0.00817699    -49.0078
  -0.190102   0.0102803     0.98171    -958.888
          0           0           0           1

<-Total transform 277->iterations: 10, Init error: 407.054, SBA error289.298#
   0.981801 -0.00920959    0.189687    -245.366
  0.0110329    0.999903 -0.00855823     -28.788
   -0.18959   0.0104953    0.981807    -966.075
          0           0           0           1

<-Total transform 281->iterations: 17, Init error: 300.737, SBA error55.5655#
   0.981646 -0.00718769    0.190576    -298.697
 0.00902628    0.999921 -0.00878125     -17.335
  -0.190498   0.0103403    0.981633    -1001.99
          0           0           0           1

<-Total transform 285->iterations: 4, Init error: 257.732, SBA error109.035#
   0.981504 -0.00575407    0.191355    -362.784
 0.00736194    0.999943  -0.0076927      14.944
    -0.1913  0.00895916    0.981491       -1040
          0           0           0           1

<-Total transform 289->iterations: 9, Init error: 79.6571, SBA error6.0898#
   0.981369 -0.00417122    0.192086    -389.617
  0.0056448    0.999959 -0.00712484     16.4599
  -0.192048  0.00807638    0.981352    -1045.44
          0           0           0           1

<-Total transform 293->iterations: 4, Init error: 20.1612, SBA error9.13631#
   0.980557 -0.00204425    0.196224    -379.804
 0.00364188    0.999963 -0.00778141     3.86751
  -0.196201  0.00834474    0.980528    -1049.53
          0           0           0           1

<-Total transform 297->iterations: 5, Init error: 67.4072, SBA error12.0716#
   0.979843 0.000601056    0.199766    -402.228
 0.00151961    0.999944  -0.0104622     7.77379
  -0.199761   0.0105549    0.979788    -1053.21
          0           0           0           1

<-Total transform 301->iterations: 7, Init error: 24.8843, SBA error5.22373#
   0.979563  0.00325294     0.20111    -415.087
-0.00132328    0.999952 -0.00972874     12.5901
  -0.201132   0.0092638     0.97952    -1042.79
          0           0           0           1

<-Total transform 305->iterations: 7, Init error: 30.5071, SBA error21.6993#
   0.978621  0.00839385    0.205502    -410.698
-0.00589104    0.999901  -0.0127878     3.26106
  -0.205589   0.0113038    0.978573    -1054.58
          0           0           0           1

<-Total transform 309->iterations: 8, Init error: 64.2711, SBA error29.9992#
    0.97844  0.00847532    0.206359    -394.101
-0.00565643    0.999883  -0.0142463    -9.21879
  -0.206456   0.0127719    0.978373    -1075.85
          0           0           0           1

<-Total transform 313->iterations: 4, Init error: 39.711, SBA error10.7785#
  0.978334 0.00822361    0.20687   -413.328
-0.0051534   0.999869 -0.0153758    -8.6718
 -0.206969  0.0139765   0.978248   -1066.99
         0          0          0          1

<-Total transform 317->iterations: 6, Init error: 80.8142, SBA error35.2197#
   0.978136  0.00732804    0.207835    -393.745
-0.00386833    0.999847   -0.017048    -1.33801
  -0.207928   0.0158713    0.978015    -1082.03
          0           0           0           1

<-Total transform 321->iterations: 2, Init error: 30.5598, SBA error19.9765#
    0.977729   0.00486762     0.209815     -383.329
-0.000978242     0.999826    -0.018637      11.0832
   -0.209869    0.0180167     0.977563     -1081.57
           0            0            0            1

<-Total transform 325->iterations: 3, Init error: 19.5314, SBA error15.3647#
   0.977569  0.00289018    0.210594    -383.377
0.000805937    0.999847  -0.0174629     14.8906
  -0.210612    0.017241    0.977418    -1068.94
          0           0           0           1

<-Total transform 329->iterations: 3, Init error: 17.1547, SBA error15.2386#
   0.977131 0.000593093    0.212639     -384.98
  0.0027063     0.99988   -0.015225     13.6278
  -0.212622   0.0154523    0.977012    -1067.79
          0           0           0           1

<-Total transform 333->iterations: 11, Init error: 34.723, SBA error13.6271#
     0.97642 2.41484e-005     0.215878     -398.178
  0.00333303     0.999879   -0.0151872      13.4566
   -0.215853    0.0155486     0.976302     -1053.28
           0            0            0            1

<-Total transform 337->iterations: 3, Init error: 229.663, SBA error168.492#
   0.975462 -0.00191792    0.220161    -426.583
 0.00508935    0.999891  -0.0138388     2.04565
   -0.22011   0.0146197    0.975365    -1042.42
          0           0           0           1

<-Total transform 341->iterations: 2, Init error: 115.597, SBA error96.3511#
   0.974849 -0.00745677    0.222744    -443.999
  0.0100996    0.999891  -0.0107281    -16.7109
  -0.222639   0.0127079    0.974818    -1033.27
          0           0           0           1

<-Total transform 345->iterations: 3, Init error: 135.416, SBA error66.9625#
   0.974057  -0.0111518    0.226027    -473.268
  0.0136184    0.999863 -0.00935654    -30.4458
  -0.225891   0.0121919    0.974076     -1018.5
          0           0           0           1

<-Total transform 349->iterations: 2, Init error: 75.4225, SBA error49.4812#
  0.973737  -0.012902   0.227308   -492.875
 0.0151846    0.99985 -0.0082962   -26.2123
 -0.227167  0.0115299   0.973787   -1017.72
         0          0          0          1

<-Total transform 353->iterations: 12, Init error: 47.0228, SBA error25.6286#
   0.974379  -0.0123724     0.22457    -510.149
  0.0145313    0.999863 -0.00796338    -24.1675
  -0.224441   0.0110227    0.974425     -1023.1
          0           0           0           1

<-Total transform 357->iterations: 4, Init error: 57.2343, SBA error19.2656#
  0.973595 -0.0113302      0.228   -536.475
 0.0141424   0.999843  -0.010704   -24.1764
 -0.227843  0.0136459   0.973602   -1029.47
         0          0          0          1

<-Total transform 361->iterations: 2, Init error: 128.206, SBA error88.5769#
  0.971066 -0.0121324   0.238504   -563.836
  0.016334   0.999744 -0.0156482   -27.1625
 -0.238253  0.0190912   0.971015   -1029.88
         0          0          0          1

<-Total transform 365->iterations: 63, Init error: 66.4885, SBA error48.9609#
  0.970333 -0.0165733   0.241204   -579.444
 0.0206588   0.999683 -0.0144186   -33.7294
 -0.240889  0.0189738   0.970367   -1018.79
         0          0          0          1

<-Total transform 369->iterations: 32, Init error: 63.5285, SBA error44.2766#
  0.970169  -0.018839   0.241697    -595.03
 0.0226395    0.99966 -0.0129566   -37.7416
 -0.241371   0.018042   0.970265   -1012.12
         0          0          0          1

<-Total transform 373->iterations: 6, Init error: 37.1234, SBA error12.8184#
  0.968833 -0.0142243   0.247305    -602.79
 0.0192061   0.999658 -0.0177436   -12.4618
 -0.246968  0.0219404   0.968775   -990.078
         0          0          0          1

<-Total transform 377->iterations: 7, Init error: 41.8548, SBA error14.9751#
   0.967204 -0.00842824    0.253861    -614.524
  0.0149464    0.999606  -0.0237583     13.7897
  -0.253561   0.0267734    0.966949    -950.843
          0           0           0           1

<-Total transform 381->iterations: 2, Init error: 50.3699, SBA error45.0006#
  0.967916 -0.0104928   0.251055   -600.567
  0.016486   0.999627 -0.0217807    11.5994
 -0.250732  0.0252208   0.967728   -939.086
         0          0          0          1

<-Total transform 385->iterations: 30, Init error: 64.446, SBA error58.6216#
  0.967612 -0.0082386   0.252307   -585.688
 0.0143221   0.999649 -0.0222844    4.19671
 -0.252035  0.0251762   0.967391    -909.51
         0          0          0          1

<-Total transform 389->iterations: 12, Init error: 25.3044, SBA error9.85622#
  0.966343 -0.0036535   0.257231   -591.221
0.00957284   0.999717 -0.0217633     23.672
 -0.257078  0.0234932   0.966105   -862.217
         0          0          0          1

<-Total transform 393->iterations: 5, Init error: 123.31, SBA error92.6637#
   0.965601 -0.00258668    0.260017    -626.248
 0.00785194    0.999785   -0.019213     61.6324
  -0.259911   0.0205938    0.965413    -829.378
          0           0           0           1

<-Total transform 397->iterations: 11, Init error: 54.5829, SBA error31.4449#
    0.96449 -0.00745125    0.264016    -643.334
  0.0129519    0.999734  -0.0191001     55.9596
  -0.263803   0.0218414    0.964329    -817.016
          0           0           0           1

<-Total transform 401->iterations: 8, Init error: 72.1228, SBA error23.1907#
    0.96405 -0.00669475    0.265635    -670.518
   0.011711    0.999782  -0.0173046     63.8304
  -0.265461   0.0197934    0.963918     -813.14
          0           0           0           1

<-Total transform 405->iterations: 11, Init error: 28.4969, SBA error17.0563#
    0.963829 -0.000140864      0.26652     -676.814
  0.00438138     0.999873   -0.0153161      70.2439
   -0.266484    0.0159299     0.963708     -805.141
           0            0            0            1

<-Total transform 409->iterations: 1, Init error: 48.3698, SBA error48.3698#
   0.962424  0.00867419    0.271413    -680.376
-0.00377889    0.999821  -0.0185538     76.9105
  -0.271525    0.016831    0.962284    -801.521
          0           0           0           1

<-Total transform 413->iterations: 39, Init error: 20.608, SBA error17.6722#
   0.959221   0.0142118    0.282301     -689.03
-0.00670123    0.999598  -0.0275526     86.0704
  -0.282579   0.0245372     0.95893    -800.394
          0           0           0           1

<-Total transform 417->iterations: 20, Init error: 40.1409, SBA error26.5318#
   0.957519   0.0100711    0.288194    -704.763
0.000134309    0.999374  -0.0353699     87.7898
   -0.28837   0.0339061    0.956919    -801.496
          0           0           0           1

<-Total transform 421->iterations: 22, Init error: 31.1427, SBA error8.0994#
    0.956287    0.0121401     0.292177     -721.464
-0.000373726     0.999188   -0.0402938      84.7592
   -0.292428    0.0384232     0.955515     -796.496
           0            0            0            1

<-Total transform 425->iterations: 3, Init error: 14.577, SBA error14.2092#
   0.954121   0.0158381    0.299001    -724.436
-0.00191585    0.998903  -0.0467984     91.5221
  -0.299414   0.0440785    0.953105    -790.265
          0           0           0           1

<-Total transform 429->iterations: 11, Init error: 9.7946, SBA error9.40691#
  0.952004  0.0107237   0.305896   -727.957
0.00513657   0.998686 -0.0509965    92.4691
 -0.306041  0.0501201   0.950698   -782.502
         0          0          0          1

<-Total transform 433->iterations: 6, Init error: 167.826, SBA error148.414#
  0.949036 0.00440545   0.315136   -729.859
 0.0119642   0.998678 -0.0499913    91.5748
  -0.31494  0.0512139   0.947729   -774.284
         0          0          0          1

<-Total transform 437->iterations: 4, Init error: 506.366, SBA error408.981#
  0.945901  -0.001166   0.324455    -721.44
 0.0184028   0.998577 -0.0500621    96.4618
 -0.323934  0.0533246   0.944576    -766.62
         0          0          0          1

<-Total transform 441->iterations: 3, Init error: 190.087, SBA error98.5136#
    0.94334 -0.00613775    0.331771    -703.166
  0.0255559    0.998203  -0.0541978     111.933
  -0.330842   0.0596056    0.941802    -756.712
          0           0           0           1

<-Total transform 445->iterations: 26, Init error: 50.1627, SBA error36.8057#
  0.941007 -0.0127125   0.338147   -694.893
 0.0329161   0.997994 -0.0540807    108.936
 -0.336782  0.0620209   0.939538   -750.456
         0          0          0          1

<-Total transform 449->iterations: 1, Init error: 58.7281, SBA error58.7281#
  0.938271 -0.0177699   0.345445   -701.067
 0.0386082   0.997819 -0.0535362    106.146
  -0.34374  0.0635685   0.936911   -745.095
         0          0          0          1

<-Total transform 453->iterations: 21, Init error: 27.7309, SBA error18.5573#
  0.934894 -0.0225269   0.354212    -711.92
 0.0443686   0.997573 -0.0536619    103.565
 -0.352143  0.0658841   0.933624    -735.13
         0          0          0          1

<-Total transform 457->iterations: 2, Init error: 101.938, SBA error93.6758#
  0.932327 -0.0303522   0.360341   -732.395
 0.0522453   0.997322 -0.0511703    81.6866
 -0.357823  0.0665336   0.931416   -716.442
         0          0          0          1

<-Total transform 461->iterations: 66, Init error: 44.848, SBA error24.7708#
  0.929878 -0.0366227   0.366041    -745.53
 0.0592041    0.99696 -0.0506534    77.2767
 -0.363073  0.0687726   0.929219   -709.074
         0          0          0          1

<-Total transform 465->iterations: 4, Init error: 47.8428, SBA error32.695#
  0.928694 -0.0402372   0.368657   -762.055
 0.0635618   0.996656   -0.05134    85.0324
 -0.365358  0.0711116   0.928147   -700.616
         0          0          0          1

<-Total transform 469->iterations: 3, Init error: 37.2731, SBA error34.2551#
  0.928753 -0.0402794   0.368505   -763.731
 0.0635555   0.996662 -0.0512405     85.256
 -0.365211  0.0710103   0.928212   -690.069
         0          0          0          1

