<-Total transform 2->iterations: 3, Init error: 8.74876, SBA error7.67547#
   0.999999 -0.00054806  0.00147712    -1.09556
0.000550215    0.999999 -0.00145918      1.0715
-0.00147632  0.00145999    0.999998    0.139071
          0           0           0           1

<-Total transform 3->iterations: 9, Init error: 8.76002, SBA error5.2326#
    0.999998   0.00010443   0.00208292      1.63237
-0.000100932     0.999999  -0.00167927     -3.05571
 -0.00208309   0.00167905     0.999996      7.51118
           0            0            0            1

<-Total transform 4->iterations: 2, Init error: 10.4504, SBA error9.67223#
     0.999996  5.50538e-005    0.00278198        3.2007
-5.09885e-005      0.999999   -0.00146137      -2.87702
  -0.00278206    0.00146122      0.999995      0.835923
            0             0             0             1

<-Total transform 5->iterations: 15, Init error: 8.77566, SBA error7.99022#
   0.999988 0.000306154  0.00488023     4.89747
-0.00029168    0.999996  -0.0029664      -3.677
-0.00488112  0.00296494    0.999984     -8.7447
          0           0           0           1

<-Total transform 6->iterations: 4, Init error: 7.80315, SBA error5.85396#
    0.999936  0.000551619     0.011301      5.00273
-0.000513384     0.999994   -0.0033859     -4.41956
  -0.0113028   0.00337989      0.99993     -15.2826
           0            0            0            1

<-Total transform 7->iterations: 2, Init error: 7.57167, SBA error5.91404#
    0.999906  0.000471537     0.013669       8.1768
-0.000427343     0.999995  -0.00323586     -4.05714
  -0.0136705   0.00322972     0.999901     -21.9098
           0            0            0            1

<-Total transform 8->iterations: 31, Init error: 7.70451, SBA error4.17477#
    0.99984  0.00175185    0.017812     17.1226
-0.00168838    0.999992 -0.00357807    -12.8835
 -0.0178181  0.00354742    0.999835    -52.6776
          0           0           0           1

<-Total transform 9->iterations: 22, Init error: 7.36259, SBA error5.95549#
   0.999728  0.00257429   0.0231839     17.4421
-0.00251007    0.999993 -0.00279859    -14.8962
 -0.0231909  0.00273964    0.999727     -60.396
          0           0           0           1

<-Total transform 10->iterations: 4, Init error: 10.796, SBA error10.2225#
    0.999622  0.000888762    0.0274631      18.3772
-0.000818752     0.999996   -0.0025604     -14.6147
  -0.0274653   0.00253695      0.99962     -62.6712
           0            0            0            1

<-Total transform 11->iterations: 2, Init error: 8.95653, SBA error8.23174#
    0.999493 -0.000414225     0.031821      20.8944
 0.000546132     0.999991  -0.00413673     -13.1071
   -0.031819   0.00415201     0.999485     -63.4456
           0            0            0            1

<-Total transform 12->iterations: 38, Init error: 8.67131, SBA error6.01499#
    0.999399  0.000111973    0.0346586      24.6718
6.02154e-005     0.999988  -0.00496705     -15.7981
  -0.0346587   0.00496615     0.999387     -70.7278
           0            0            0            1

<-Total transform 13->iterations: 23, Init error: 8.40043, SBA error5.08452#
    0.999285  0.000868602    0.0377868      28.2407
-0.000640119     0.999981  -0.00605832     -20.1009
  -0.0377914    0.0060298     0.999267     -79.1106
           0            0            0            1

<-Total transform 14->iterations: 33, Init error: 9.44382, SBA error7.25591#
  0.999085 0.00177629   0.042735    28.9701
-0.0014271   0.999965 -0.0082002   -22.8112
-0.0427481 0.00813171   0.999053   -91.3087
         0          0          0          1

<-Total transform 15->iterations: 3, Init error: 9.99299, SBA error9.88868#
     0.998842   0.000508281     0.0480995       27.6328
-4.68612e-005      0.999954   -0.00959367      -22.6332
   -0.0481021    0.00958031      0.998796      -91.5658
            0             0             0             1

<-Total transform 16->iterations: 5, Init error: 11.5312, SBA error8.25463#
   0.998328 0.000239493   0.0577975     30.7918
0.000387611    0.999941  -0.0108386    -22.1033
 -0.0577967   0.0108428    0.998269    -106.401
          0           0           0           1

<-Total transform 17->iterations: 3, Init error: 13.8895, SBA error12.1208#
   0.997852 -0.00114557   0.0655021     32.8308
 0.00194959    0.999924  -0.0122121    -21.5078
 -0.0654831   0.0123136    0.997778    -117.371
          0           0           0           1

<-Total transform 18->iterations: 2, Init error: 77.1735, SBA error75.6729#
   0.997162 -0.00502039   0.0751147     34.9214
 0.00601262    0.999898  -0.0129892    -5.93702
 -0.0750418    0.013404     0.99709    -142.374
          0           0           0           1

<-Total transform 19->iterations: 3, Init error: 8.43824, SBA error7.09693#
   0.996642 -0.00600563   0.0816592     36.6082
   0.007027    0.999901  -0.0122262    -4.26798
 -0.0815776   0.0127589    0.996585    -151.712
          0           0           0           1

<-Total transform 20->iterations: 2, Init error: 7.61906, SBA error6.92206#
   0.996078 -0.00628912   0.0882512     39.5988
 0.00745488    0.999889  -0.0128862    -2.79811
 -0.0881604   0.0134935    0.996015    -165.598
          0           0           0           1

<-Total transform 21->iterations: 4, Init error: 12.4307, SBA error10.2913#
  0.995422 -0.0082642  0.0952238    43.2305
0.00968132   0.999849 -0.0144296   -1.63249
-0.0950902  0.0152854   0.995351   -170.762
         0          0          0          1

<-Total transform 22->iterations: 2, Init error: 7.90208, SBA error7.8846#
  0.994618 -0.0098415   0.103137    41.3627
 0.0115038   0.999813 -0.0155353   -1.33559
 -0.102965  0.0166381   0.994546   -171.183
         0          0          0          1

<-Total transform 23->iterations: 2, Init error: 8.04972, SBA error7.53087#
  0.993733 -0.0109316    0.11124    41.4459
  0.012883   0.999775 -0.0168391    0.58497
 -0.111031  0.0181667   0.993651   -176.534
         0          0          0          1

<-Total transform 24->iterations: 2, Init error: 12.6996, SBA error10.6186#
  0.992946 -0.0121378   0.117946    44.6482
 0.0143601   0.999735 -0.0180097    3.33092
 -0.117696  0.0195764   0.992857   -186.848
         0          0          0          1

<-Total transform 25->iterations: 5, Init error: 7.62377, SBA error5.58517#
  0.992174 -0.0138684   0.124092     45.762
 0.0164319   0.999672  -0.019658    4.64101
 -0.123779  0.0215432   0.992076   -191.187
         0          0          0          1

<-Total transform 26->iterations: 6, Init error: 9.08381, SBA error6.78015#
  0.990943 -0.0152566   0.133416    46.0165
 0.0184354   0.999574 -0.0226233    6.67238
 -0.133014   0.024878   0.990802   -202.097
         0          0          0          1

<-Total transform 27->iterations: 5, Init error: 10.2114, SBA error7.44658#
  0.990577 -0.0176052   0.135824    48.1632
 0.0208335   0.999532 -0.0223833    9.46065
 -0.135366   0.025002    0.99048    -208.31
         0          0          0          1

<-Total transform 28->iterations: 3, Init error: 7.80673, SBA error7.09103#
  0.990161 -0.0189479   0.138647    48.4858
 0.0222405   0.999505 -0.0222369    11.4096
 -0.138157  0.0251017   0.990092   -209.915
         0          0          0          1

<-Total transform 29->iterations: 38, Init error: 8.76098, SBA error4.50133#
  0.989965 -0.0164991   0.140343    51.2659
  0.020203   0.999483 -0.0250076    6.88994
 -0.139858   0.027592   0.989787   -218.342
         0          0          0          1

<-Total transform 30->iterations: 26, Init error: 10.0299, SBA error5.32659#
   0.98949 -0.0143393   0.143885    53.1055
 0.0183632   0.999475 -0.0266771  -0.963583
 -0.143427  0.0290389   0.989235   -221.568
         0          0          0          1

<-Total transform 31->iterations: 2, Init error: 8.165, SBA error6.29556#
  0.988909 -0.0142773   0.147833    53.5931
 0.0183532   0.999487 -0.0262438  -0.941233
 -0.147382  0.0286659   0.988664   -232.758
         0          0          0          1

<-Total transform 32->iterations: 30, Init error: 7.3952, SBA error5.61117#
  0.988542 -0.0127739   0.150404     54.687
 0.0170515   0.999485 -0.0271855   -4.48755
 -0.149979  0.0294386   0.988251   -241.613
         0          0          0          1

<-Total transform 33->iterations: 32, Init error: 8.44577, SBA error6.61318#
  0.988182   -0.01134   0.152864    54.4525
 0.0157502   0.999493 -0.0276701   -7.94992
 -0.152473  0.0297508    0.98786   -255.117
         0          0          0          1

<-Total transform 34->iterations: 2, Init error: 7.76308, SBA error6.32601#
  0.988146 -0.0113477   0.153097    55.4192
 0.0157489   0.999496 -0.0275657   -7.94877
 -0.152707    0.02965   0.987827   -257.159
         0          0          0          1

<-Total transform 35->iterations: 35, Init error: 7.64988, SBA error5.61141#
  0.987754  -0.010016   0.155699    53.7873
 0.0145222   0.999507 -0.0278311    -10.253
 -0.155343  0.0297514   0.987412   -263.782
         0          0          0          1

<-Total transform 36->iterations: 2, Init error: 9.21094, SBA error8.39602#
   0.987233 -0.00980212    0.158983     51.8041
  0.0144421    0.999502   -0.028056    -10.2809
  -0.158629   0.0299939    0.986883    -265.969
          0           0           0           1

<-Total transform 37->iterations: 2, Init error: 8.38716, SBA error7.67457#
  0.986628 -0.0100779   0.162675    50.0192
 0.0148722   0.999489 -0.0282805   -9.80789
 -0.162307  0.0303217   0.986274   -266.446
         0          0          0          1

<-Total transform 38->iterations: 4, Init error: 8.08515, SBA error7.01481#
   0.986092 -0.00994951    0.165903     46.4203
  0.0148874    0.999482   -0.028547    -9.74991
  -0.165533   0.0306198    0.985729    -266.973
          0           0           0           1

<-Total transform 39->iterations: 3, Init error: 7.63188, SBA error6.98176#
  0.985996 -0.0104779   0.166441    46.8999
 0.0153551   0.999489 -0.0280433   -9.26399
 -0.166062  0.0302063   0.985653   -268.225
         0          0          0          1

<-Total transform 40->iterations: 18, Init error: 8.65952, SBA error4.2294#
   0.985934 -0.00824819    0.166929     47.5587
  0.0133609    0.999475   -0.029528    -12.1674
  -0.166598    0.031343    0.985527    -283.479
          0           0           0           1

<-Total transform 41->iterations: 34, Init error: 9.59328, SBA error5.61056#
   0.985865 -0.00673279    0.167404     45.0491
  0.0120203     0.99946   -0.030592    -15.1936
  -0.167107   0.0321718    0.985414    -284.337
          0           0           0           1

<-Total transform 42->iterations: 2, Init error: 10.0222, SBA error8.82115#
 0.985826 -0.006852  0.167631   44.4252
0.0121738  0.999453  -0.03074  -14.8276
-0.167329  0.032345   0.98537  -284.884
        0         0         0         1

<-Total transform 43->iterations: 2, Init error: 11.3859, SBA error10.8719#
   0.985551 -0.00698841    0.169232     42.9217
  0.0124682    0.999431  -0.0313394    -14.1633
  -0.168917   0.0329967    0.985078    -294.134
          0           0           0           1

<-Total transform 44->iterations: 27, Init error: 13.0614, SBA error9.83201#
   0.985092 -0.00618573    0.171918     41.1659
  0.0119505      0.9994  -0.0325172    -15.4152
  -0.171613    0.034087    0.984574    -294.604
          0           0           0           1

<-Total transform 45->iterations: 2, Init error: 7.49362, SBA error7.0722#
   0.984908 -0.00666561    0.172953     40.3811
  0.0125659    0.999375  -0.0330428    -14.0334
  -0.172625   0.0347174    0.984376    -300.538
          0           0           0           1

<-Total transform 46->iterations: 2, Init error: 7.75762, SBA error7.1265#
  0.984834  -0.007087   0.173354     40.353
 0.0131283   0.999345 -0.0337278   -12.5884
 -0.173002  0.0354921   0.984282   -304.523
         0          0          0          1

<-Total transform 47->iterations: 4, Init error: 9.84517, SBA error7.9784#
   0.984506 -0.00680504    0.175218     36.8589
  0.0132981    0.999267    -0.03591    -12.0801
  -0.174845   0.0376836    0.983875    -309.062
          0           0           0           1

<-Total transform 48->iterations: 23, Init error: 8.60643, SBA error6.72278#
  0.984157 -0.0069214   0.177164    34.8189
 0.0138994   0.999174 -0.0381764   -10.6539
 -0.176754   0.040034   0.983441   -311.715
         0          0          0          1

<-Total transform 49->iterations: 14, Init error: 11.106, SBA error8.40214#
   0.984109 -0.00770909    0.177396     31.9757
  0.0147325    0.999157  -0.0383087    -8.28814
  -0.176951   0.0403134    0.983394    -315.102
          0           0           0           1

<-Total transform 50->iterations: 7, Init error: 11.0808, SBA error7.39733#
  0.983936 -0.0072477   0.178375     25.253
 0.0147265   0.999065 -0.0406393   -7.94829
 -0.177914  0.0426133   0.983123   -318.212
         0          0          0          1

<-Total transform 51->iterations: 25, Init error: 12.4317, SBA error7.44067#
   0.984379 -0.00686561    0.175929     21.1198
  0.0140732     0.99911  -0.0397541    -9.38661
  -0.175499    0.041609      0.9836    -316.872
          0           0           0           1

<-Total transform 52->iterations: 35, Init error: 12.006, SBA error9.10091#
   0.983706 -0.00565235    0.179694     14.2451
  0.0130029    0.999125  -0.0397546    -10.1352
  -0.179312   0.0414434    0.982919    -319.636
          0           0           0           1

<-Total transform 53->iterations: 5, Init error: 7.87013, SBA error6.39815#
   0.983129 -0.00917771    0.182686      10.226
  0.0161879    0.999187   -0.036919    -10.4058
  -0.182198   0.0392535    0.982478    -320.789
          0           0           0           1

<-Total transform 54->iterations: 12, Init error: 9.09218, SBA error8.2065#
   0.982734 -0.00942064    0.184786     7.79094
  0.0162803    0.999232  -0.0356403     -10.622
  -0.184308   0.0380333    0.982132    -322.033
          0           0           0           1

<-Total transform 55->iterations: 14, Init error: 12.6774, SBA error10.3884#
  0.982567 -0.0122167   0.185506    4.15045
 0.0184134   0.999327 -0.0317181   -11.3865
 -0.184993   0.034581   0.982131   -329.034
         0          0          0          1

<-Total transform 56->iterations: 21, Init error: 19.6337, SBA error13.5774#
  0.982746 -0.0153507   0.184322    6.48203
 0.0206998   0.999418 -0.0271314   -12.1764
 -0.183798  0.0304787   0.982491   -309.009
         0          0          0          1

<-Total transform 57->iterations: 35, Init error: 19.8058, SBA error14.8055#
  0.981951 -0.0187763     0.1882    3.70346
 0.0236717   0.999436 -0.0237979   -13.1379
 -0.187647  0.0278234   0.981842     -297.5
         0          0          0          1

<-Total transform 58->iterations: 21, Init error: 9.50713, SBA error8.03846#
  0.981553 -0.0191044   0.190231    0.97201
 0.0240659   0.999427 -0.0238052   -13.1103
 -0.189667  0.0279442   0.981451   -298.433
         0          0          0          1

<-Total transform 59->iterations: 2, Init error: 8.15241, SBA error7.8024#
  0.981247 -0.0195534   0.191759    1.31859
  0.024331   0.999449 -0.0225913   -12.1491
 -0.191211  0.0268333   0.981182   -306.517
         0          0          0          1

<-Total transform 60->iterations: 27, Init error: 11.6064, SBA error10.5118#
  0.980527 -0.0202508   0.195336   -1.54345
 0.0249981   0.999448 -0.0218681   -10.8446
 -0.194785  0.0263253   0.980493   -294.082
         0          0          0          1

<-Total transform 61->iterations: 4, Init error: 8.73836, SBA error7.42608#
  0.979881 -0.0219885    0.19837   -4.48902
 0.0264738    0.99945 -0.0199865   -11.0364
 -0.197821   0.024836   0.979923   -298.529
         0          0          0          1

<-Total transform 62->iterations: 20, Init error: 7.36001, SBA error6.41716#
  0.979526 -0.0230345   0.199993   -4.31577
 0.0268923   0.999501 -0.0165937   -11.9061
 -0.199511  0.0216323   0.979657   -301.205
         0          0          0          1

<-Total transform 63->iterations: 23, Init error: 9.90733, SBA error9.15393#
  0.979465 -0.0228817    0.20031   -6.46216
 0.0263332   0.999547 -0.0145832   -12.5932
 -0.199885  0.0195586   0.979624   -302.107
         0          0          0          1

<-Total transform 64->iterations: 15, Init error: 10.7951, SBA error8.12839#
  0.979383 -0.0217984   0.200833   -8.67874
 0.0250842    0.99959 -0.0138303   -14.8426
 -0.200449  0.0185829   0.979528   -309.156
         0          0          0          1

<-Total transform 65->iterations: 16, Init error: 10.5525, SBA error4.62228#
  0.979999 -0.0201477   0.197978   -7.79875
 0.0226525   0.999689 -0.0103951   -22.2727
 -0.197707  0.0146719   0.980151   -331.406
         0          0          0          1

<-Total transform 66->iterations: 19, Init error: 20.7217, SBA error17.2513#
   0.980138  -0.0186445    0.197438    -13.3945
  0.0209009    0.999738 -0.00935089    -23.2658
  -0.197212   0.0132918    0.980271    -354.672
          0           0           0           1

<-Total transform 67->iterations: 7, Init error: 12.8132, SBA error8.15912#
  0.980614 -0.0158766   0.195306    -18.467
 0.0178987   0.999803 -0.0085929   -26.3607
 -0.195131   0.011922   0.980705   -393.362
         0          0          0          1

<-Total transform 68->iterations: 23, Init error: 9.14962, SBA error3.80271#
   0.981307  -0.0127593    0.192024    -19.9957
  0.0146867    0.999855 -0.00861764    -25.6693
  -0.191886   0.0112768    0.981352    -398.377
          0           0           0           1

<-Total transform 69->iterations: 7, Init error: 16.0897, SBA error4.04049#
   0.981693  -0.0100741    0.190204    -24.6017
  0.0118452    0.999896 -0.00817699    -24.5329
  -0.190102   0.0102803     0.98171    -393.235
          0           0           0           1

<-Total transform 70->iterations: 25, Init error: 12.2066, SBA error8.34086#
   0.981801 -0.00920959    0.189687    -30.1163
  0.0110329    0.999903 -0.00855823    -25.0656
   -0.18959   0.0104953    0.981807    -390.414
          0           0           0           1

<-Total transform 71->iterations: 27, Init error: 12.8902, SBA error7.23575#
   0.981646 -0.00718769    0.190576    -32.9185
 0.00902628    0.999921 -0.00878125    -31.2208
  -0.190498   0.0103403    0.981633    -433.338
          0           0           0           1

<-Total transform 72->iterations: 9, Init error: 10.0239, SBA error4.46636#
   0.981504 -0.00575407    0.191355    -34.3678
 0.00736194    0.999943  -0.0076927    -32.9473
    -0.1913  0.00895916    0.981491    -440.114
          0           0           0           1

<-Total transform 73->iterations: 27, Init error: 8.86491, SBA error4.41402#
   0.981369 -0.00417122    0.192086    -33.2927
  0.0056448    0.999959 -0.00712484     -35.248
  -0.192048  0.00807638    0.981352    -456.341
          0           0           0           1

<-Total transform 74->iterations: 21, Init error: 9.03169, SBA error4.28127#
   0.980557 -0.00204425    0.196224    -35.6999
 0.00364188    0.999963 -0.00778141    -34.1211
  -0.196201  0.00834474    0.980528    -470.184
          0           0           0           1

<-Total transform 75->iterations: 21, Init error: 7.12156, SBA error4.38185#
   0.979843 0.000601056    0.199766    -34.9542
 0.00151961    0.999944  -0.0104622    -35.1883
  -0.199761   0.0105549    0.979788    -488.487
          0           0           0           1

<-Total transform 76->iterations: 7, Init error: 9.1505, SBA error3.78437#
   0.979563  0.00325294     0.20111    -31.1051
-0.00132328    0.999952 -0.00972874    -40.7262
  -0.201132   0.0092638     0.97952    -496.214
          0           0           0           1

<-Total transform 77->iterations: 6, Init error: 8.13986, SBA error4.31676#
   0.978621  0.00839385    0.205502    -34.5195
-0.00589104    0.999901  -0.0127878    -40.2944
  -0.205589   0.0113038    0.978573    -508.272
          0           0           0           1

<-Total transform 78->iterations: 5, Init error: 12.9812, SBA error11.004#
    0.97844  0.00847532    0.206359    -34.3342
-0.00565643    0.999883  -0.0142463    -39.5625
  -0.206456   0.0127719    0.978373    -508.726
          0           0           0           1

<-Total transform 79->iterations: 2, Init error: 15.2048, SBA error14.5818#
  0.978334 0.00822361    0.20687    -33.447
-0.0051534   0.999869 -0.0153758   -37.9839
 -0.206969  0.0139765   0.978248   -512.631
         0          0          0          1

<-Total transform 80->iterations: 2, Init error: 9.0669, SBA error8.56315#
   0.978136  0.00732804    0.207835    -34.4925
-0.00386833    0.999847   -0.017048    -34.8325
  -0.207928   0.0158713    0.978015    -515.479
          0           0           0           1

<-Total transform 81->iterations: 2, Init error: 11.6942, SBA error11.6883#
    0.977729   0.00486762     0.209815     -37.0762
-0.000978242     0.999826    -0.018637     -26.8835
   -0.209869    0.0180167     0.977563     -504.589
           0            0            0            1

<-Total transform 82->iterations: 27, Init error: 22.6802, SBA error18.9627#
   0.977569  0.00289018    0.210594    -38.4265
0.000805937    0.999847  -0.0174629      -19.94
  -0.210612    0.017241    0.977418    -484.672
          0           0           0           1

<-Total transform 83->iterations: 2, Init error: 8.52337, SBA error8.11552#
   0.977131 0.000593093    0.212639    -41.3816
  0.0027063     0.99988   -0.015225     -19.792
  -0.212622   0.0154523    0.977012    -485.423
          0           0           0           1

<-Total transform 84->iterations: 11, Init error: 7.41235, SBA error6.88956#
     0.97642 2.41484e-005     0.215878     -44.1743
  0.00333303     0.999879   -0.0151872     -19.4857
   -0.215853    0.0155486     0.976302     -486.408
           0            0            0            1

<-Total transform 85->iterations: 5, Init error: 7.27436, SBA error5.89235#
   0.975462 -0.00191792    0.220161     -46.876
 0.00508935    0.999891  -0.0138388    -19.7321
   -0.22011   0.0146197    0.975365    -487.701
          0           0           0           1

<-Total transform 86->iterations: 4, Init error: 6.91299, SBA error6.48073#
   0.974849 -0.00745677    0.222744    -49.3802
  0.0100996    0.999891  -0.0107281    -20.2046
  -0.222639   0.0127079    0.974818    -488.352
          0           0           0           1

<-Total transform 87->iterations: 4, Init error: 9.51684, SBA error8.44208#
   0.974057  -0.0111518    0.226027    -50.5513
  0.0136184    0.999863 -0.00935654    -20.3884
  -0.225891   0.0121919    0.974076    -492.456
          0           0           0           1

<-Total transform 88->iterations: 7, Init error: 8.23262, SBA error6.74583#
  0.973737  -0.012902   0.227308   -52.8237
 0.0151846    0.99985 -0.0082962   -20.6483
 -0.227167  0.0115299   0.973787   -494.876
         0          0          0          1

<-Total transform 89->iterations: 41, Init error: 8.75124, SBA error7.16203#
   0.974379  -0.0123724     0.22457    -50.9535
  0.0145313    0.999863 -0.00796338    -22.2329
  -0.224441   0.0110227    0.974425    -502.458
          0           0           0           1

<-Total transform 90->iterations: 43, Init error: 10.0267, SBA error7.31725#
  0.973595 -0.0113302      0.228   -54.1505
 0.0141424   0.999843  -0.010704   -22.7525
 -0.227843  0.0136459   0.973602   -506.396
         0          0          0          1

<-Total transform 91->iterations: 9, Init error: 11.9642, SBA error8.40094#
  0.971066 -0.0121324   0.238504   -66.3225
  0.016334   0.999744 -0.0156482   -19.8093
 -0.238253  0.0190912   0.971015   -500.647
         0          0          0          1

<-Total transform 92->iterations: 1, Init error: 10.2035, SBA error10.2035#
  0.970333 -0.0165733   0.241204   -67.5903
 0.0206588   0.999683 -0.0144186   -20.1884
 -0.240889  0.0189738   0.970367   -500.463
         0          0          0          1

<-Total transform 93->iterations: 7, Init error: 10.9886, SBA error8.9841#
  0.970169  -0.018839   0.241697   -67.2748
 0.0226395    0.99966 -0.0129566   -18.9745
 -0.241371   0.018042   0.970265   -504.837
         0          0          0          1

<-Total transform 94->iterations: 12, Init error: 15.4126, SBA error9.11069#
  0.968833 -0.0142243   0.247305   -66.8038
 0.0192061   0.999658 -0.0177436   -18.0538
 -0.246968  0.0219404   0.968775   -481.814
         0          0          0          1

<-Total transform 95->iterations: 6, Init error: 7.56357, SBA error4.48277#
   0.967204 -0.00842824    0.253861    -68.6569
  0.0149464    0.999606  -0.0237583    -16.5306
  -0.253561   0.0267734    0.966949    -494.988
          0           0           0           1

<-Total transform 96->iterations: 4, Init error: 21.2766, SBA error13.2704#
  0.967916 -0.0104928   0.251055   -61.9075
  0.016486   0.999627 -0.0217807   -12.9814
 -0.250732  0.0252208   0.967728   -481.861
         0          0          0          1

<-Total transform 97->iterations: 7, Init error: 17.5421, SBA error10.1049#
  0.967612 -0.0082386   0.252307   -65.1212
 0.0143221   0.999649 -0.0222844   -5.11058
 -0.252035  0.0251762   0.967391    -450.87
         0          0          0          1

<-Total transform 98->iterations: 28, Init error: 9.33197, SBA error4.97466#
  0.966343 -0.0036535   0.257231   -68.6194
0.00957284   0.999717 -0.0217633   -8.09871
 -0.257078  0.0234932   0.966105   -470.979
         0          0          0          1

<-Total transform 99->iterations: 3, Init error: 102.363, SBA error60.8966#
   0.965601 -0.00258668    0.260017    -61.0859
 0.00785194    0.999785   -0.019213    -12.9503
  -0.259911   0.0205938    0.965413     -416.78
          0           0           0           1

<-Total transform 100->iterations: 3, Init error: 9.87859, SBA error9.07751#
    0.96449 -0.00745125    0.264016    -59.1111
  0.0129519    0.999734  -0.0191001     -12.367
  -0.263803   0.0218414    0.964329    -416.981
          0           0           0           1

<-Total transform 101->iterations: 21, Init error: 9.00553, SBA error6.72512#
    0.96405 -0.00669475    0.265635    -56.6929
   0.011711    0.999782  -0.0173046    -15.1458
  -0.265461   0.0197934    0.963918    -428.709
          0           0           0           1

<-Total transform 102->iterations: 8, Init error: 8.12814, SBA error3.6331#
    0.963829 -0.000140864      0.26652      -53.624
  0.00438138     0.999873   -0.0153161     -20.2923
   -0.266484    0.0159299     0.963708      -440.59
           0            0            0            1

<-Total transform 103->iterations: 8, Init error: 7.46277, SBA error4.17324#
   0.962424  0.00867419    0.271413    -53.3635
-0.00377889    0.999821  -0.0185538    -16.6878
  -0.271525    0.016831    0.962284    -443.278
          0           0           0           1

<-Total transform 104->iterations: 6, Init error: 7.03797, SBA error5.50496#
   0.959221   0.0142118    0.282301    -52.4297
-0.00670123    0.999598  -0.0275526    -17.7764
  -0.282579   0.0245372     0.95893     -440.89
          0           0           0           1

<-Total transform 105->iterations: 2, Init error: 32.1259, SBA error25.7741#
   0.957519   0.0100711    0.288194    -49.1846
0.000134309    0.999374  -0.0353699    -9.72573
   -0.28837   0.0339061    0.956919    -440.399
          0           0           0           1

<-Total transform 106->iterations: 6, Init error: 18.0698, SBA error7.76005#
    0.956287    0.0121401     0.292177     -43.4177
-0.000373726     0.999188   -0.0402938     -27.3606
   -0.292428    0.0384232     0.955515     -475.175
           0            0            0            1

<-Total transform 107->iterations: 25, Init error: 13.515, SBA error3.45028#
   0.954121   0.0158381    0.299001    -42.6262
-0.00191585    0.998903  -0.0467984    -36.6815
  -0.299414   0.0440785    0.953105     -482.62
          0           0           0           1

<-Total transform 108->iterations: 2, Init error: 11.0165, SBA error8.6269#
  0.952004  0.0107237   0.305896   -44.0182
0.00513657   0.998686 -0.0509965   -31.3232
 -0.306041  0.0501201   0.950698   -480.402
         0          0          0          1

<-Total transform 109->iterations: 2, Init error: 15.4218, SBA error13.4124#
  0.949036 0.00440545   0.315136   -44.4256
 0.0119642   0.998678 -0.0499913   -26.8202
  -0.31494  0.0512139   0.947729   -481.217
         0          0          0          1

<-Total transform 110->iterations: 1, Init error: 7.96444, SBA error7.96444#
  0.945901  -0.001166   0.324455   -48.8477
 0.0184028   0.998577 -0.0500621   -26.0795
 -0.323934  0.0533246   0.944576   -480.829
         0          0          0          1

<-Total transform 111->iterations: 3, Init error: 9.60784, SBA error7.3048#
    0.94334 -0.00613775    0.331771    -45.2354
  0.0255559    0.998203  -0.0541978    -20.5888
  -0.330842   0.0596056    0.941802    -487.906
          0           0           0           1

<-Total transform 112->iterations: 3, Init error: 9.70823, SBA error7.88469#
  0.941007 -0.0127125   0.338147    -46.488
 0.0329161   0.997994 -0.0540807    -16.509
 -0.336782  0.0620209   0.939538   -488.986
         0          0          0          1

<-Total transform 113->iterations: 2, Init error: 11.0961, SBA error7.42068#
  0.938271 -0.0177699   0.345445   -47.9957
 0.0386082   0.997819 -0.0535362   -13.5001
  -0.34374  0.0635685   0.936911   -487.336
         0          0          0          1

<-Total transform 114->iterations: 1, Init error: 7.52748, SBA error7.52748#
  0.934894 -0.0225269   0.354212   -52.3423
 0.0443686   0.997573 -0.0536619   -12.7275
 -0.352143  0.0658841   0.933624   -486.909
         0          0          0          1

<-Total transform 115->iterations: 2, Init error: 9.29842, SBA error8.01249#
  0.932327 -0.0303522   0.360341   -52.2667
 0.0522453   0.997322 -0.0511703   -9.82305
 -0.357823  0.0665336   0.931416   -490.078
         0          0          0          1

<-Total transform 116->iterations: 6, Init error: 25.3549, SBA error19.8046#
  0.929878 -0.0366227   0.366041   -46.9496
 0.0592041    0.99696 -0.0506534   -6.07487
 -0.363073  0.0687726   0.929219   -462.979
         0          0          0          1

<-Total transform 117->iterations: 3, Init error: 8.1641, SBA error6.86412#
  0.928694 -0.0402372   0.368657   -48.1393
 0.0635618   0.996656   -0.05134   -3.99997
 -0.365358  0.0711116   0.928147   -468.392
         0          0          0          1

<-Total transform 118->iterations: 3, Init error: 10.7591, SBA error7.39501#
  0.928753 -0.0402794   0.368505    -50.224
 0.0635555   0.996662 -0.0512405   -3.95557
 -0.365211  0.0710103   0.928212   -479.828
         0          0          0          1

<-Total transform 119->iterations: 39, Init error: 13.5834, SBA error5.34714#
  0.927716 -0.0380012   0.371347   -56.2001
 0.0619903   0.996675 -0.0528738   -11.2972
 -0.368103  0.0720718   0.926988   -502.118
         0          0          0          1

<-Total transform 120->iterations: 2, Init error: 10.8651, SBA error9.26777#
  0.925639 -0.0410495   0.376176   -63.7298
 0.0676999   0.996024 -0.0578967   -5.36276
 -0.372304  0.0790585   0.924738   -505.718
         0          0          0          1

<-Total transform 121->iterations: 42, Init error: 20.7003, SBA error9.05029#
  0.925277 -0.0405632   0.377118   -64.5908
 0.0682692   0.995838 -0.0603884   -8.56993
 -0.373098  0.0816215   0.924195   -482.007
         0          0          0          1

<-Total transform 122->iterations: 8, Init error: 14.5221, SBA error4.04898#
  0.924199 -0.0379299   0.380024   -71.3019
  0.067297    0.99566 -0.0642866   -11.9937
 -0.375936   0.084988    0.92274   -485.695
         0          0          0          1

<-Total transform 123->iterations: 14, Init error: 10.7984, SBA error3.92395#
  0.923382 -0.0343872   0.382338   -72.2589
 0.0652824   0.995539 -0.0681253   -14.7788
  -0.37829  0.0878657   0.921508   -487.865
         0          0          0          1

<-Total transform 124->iterations: 38, Init error: 9.61882, SBA error5.16928#
  0.922082 -0.0329915   0.385585   -77.7303
 0.0635653   0.995739 -0.0668115   -19.3178
 -0.381738  0.0861156    0.92025   -486.401
         0          0          0          1

<-Total transform 125->iterations: 16, Init error: 9.18178, SBA error8.69566#
  0.920693 -0.0315887   0.389007   -80.9457
 0.0613415   0.996044 -0.0642996   -21.6598
 -0.385436  0.0830624   0.918988   -490.591
         0          0          0          1

<-Total transform 126->iterations: 5, Init error: 10.3503, SBA error6.45015#
  0.919823 -0.0271362   0.391395   -81.5304
 0.0565175   0.996365 -0.0637426    -18.432
 -0.388242  0.0807525   0.918013   -523.424
         0          0          0          1

<-Total transform 127->iterations: 45, Init error: 10.6133, SBA error9.48222#
  0.918481 -0.0249869   0.394675   -81.5748
 0.0544044   0.996497 -0.0635207   -22.3062
 -0.391705  0.0798146   0.916622   -535.923
         0          0          0          1

<-Total transform 128->iterations: 14, Init error: 8.55719, SBA error7.81142#
  0.916578 -0.0243956    0.39911   -84.0273
 0.0540183   0.996542 -0.0631425   -22.5711
 -0.396189  0.0794343   0.914726   -536.213
         0          0          0          1

<-Total transform 129->iterations: 8, Init error: 7.88563, SBA error7.31905#
  0.915073  -0.025899   0.402455    -85.114
 0.0551751   0.996592 -0.0613199    -23.172
 -0.399496  0.0783177   0.913384   -536.818
         0          0          0          1

<-Total transform 130->iterations: 12, Init error: 7.97906, SBA error7.22517#
  0.913648 -0.0250801   0.405731   -85.7599
 0.0548136    0.99658  -0.061829   -23.0159
 -0.402793  0.0787296   0.911899   -539.604
         0          0          0          1

<-Total transform 131->iterations: 24, Init error: 8.96216, SBA error7.4998#
  0.911992 -0.0235803    0.40953   -89.0155
 0.0544268   0.996476 -0.0638283   -22.6384
 -0.406582  0.0805003   0.910061   -542.433
         0          0          0          1

<-Total transform 132->iterations: 32, Init error: 10.6497, SBA error8.4713#
  0.910176  -0.024628    0.41349   -90.1752
 0.0557923   0.996424 -0.0634619   -21.9846
 -0.410448   0.080831   0.908295   -528.625
         0          0          0          1

<-Total transform 133->iterations: 21, Init error: 10.1209, SBA error8.20555#
 0.907173  -0.02739  0.419866  -93.4698
0.0585173  0.996394 -0.061434  -21.4462
 -0.41667 0.0803006  0.905504  -516.869
        0         0         0         1

<-Total transform 134->iterations: 3, Init error: 7.38554, SBA error6.89799#
  0.903161 -0.0306377   0.428207   -96.3937
 0.0626604   0.996176 -0.0608863   -20.6218
 -0.424704  0.0818218   0.901627   -524.853
         0          0          0          1

<-Total transform 135->iterations: 3, Init error: 7.55188, SBA error6.69777#
  0.901222 -0.0303285   0.432296   -99.1034
 0.0635183   0.996019 -0.0625412   -19.4115
 -0.428678  0.0838221    0.89956   -527.902
         0          0          0          1

<-Total transform 136->iterations: 32, Init error: 8.77103, SBA error4.36666#
  0.898219 -0.0279259    0.43866   -100.215
 0.0622038   0.996012 -0.0639632   -24.9489
 -0.435125  0.0847393   0.896374   -549.543
         0          0          0          1

<-Total transform 137->iterations: 2, Init error: 6.62005, SBA error6.44495#
  0.895764 -0.0278997   0.443653   -103.298
 0.0618427   0.996145 -0.0622205   -25.1728
 -0.440207  0.0831717   0.894036   -554.317
         0          0          0          1

<-Total transform 138->iterations: 27, Init error: 8.86858, SBA error8.02263#
   0.89352 -0.0267028   0.448229   -102.727
 0.0610085   0.996193 -0.0622697   -27.8035
  -0.44486  0.0829849   0.891747    -564.17
         0          0          0          1

<-Total transform 139->iterations: 50, Init error: 8.24346, SBA error7.57574#
 0.889656 -0.023574  0.456022  -102.106
0.0597302  0.996094 -0.065035  -30.5248
-0.452707 0.0850971  0.887589    -575.1
        0         0         0         1

<-Total transform 140->iterations: 2, Init error: 8.09588, SBA error6.47199#
  0.886136 -0.0230957   0.462849   -104.108
 0.0590847   0.996237 -0.0634079   -31.4417
 -0.459643  0.0835353   0.884166   -580.223
         0          0          0          1

<-Total transform 141->iterations: 2, Init error: 8.66185, SBA error7.19856#
  0.884105  -0.023398   0.466703   -102.447
 0.0583154   0.996462 -0.0605132   -31.5481
 -0.463636   0.080716   0.882341   -587.081
         0          0          0          1

<-Total transform 142->iterations: 2, Init error: 8.51599, SBA error8.45863#
  0.880614 -0.0213779   0.473352    -105.39
 0.0578376   0.996361 -0.0626016   -30.4487
 -0.470291  0.0825054   0.878646   -586.628
         0          0          0          1

<-Total transform 143->iterations: 2, Init error: 7.9932, SBA error7.37201#
  0.878874 -0.0209212   0.476595   -106.472
 0.0585811    0.99621 -0.0642967   -29.0999
 -0.473444  0.0844281   0.876769   -593.576
         0          0          0          1

<-Total transform 144->iterations: 2, Init error: 9.9211, SBA error7.56362#
  0.876554 -0.0191292   0.480923   -111.156
 0.0614594   0.995479 -0.0724227   -24.7012
 -0.477363  0.0930396   0.873766   -598.772
         0          0          0          1

<-Total transform 145->iterations: 2, Init error: 14.8376, SBA error12.1667#
  0.873787 -0.0181708    0.48597   -118.603
 0.0656968   0.994552 -0.0809374   -16.1936
 -0.481852   0.102649    0.87022   -600.842
         0          0          0          1

<-Total transform 146->iterations: 2, Init error: 25.0604, SBA error21.0817#
  0.873369 -0.0197327    0.48666   -123.195
 0.0696857   0.993962 -0.0847568   -11.7665
 -0.482049   0.107937    0.86947   -598.566
         0          0          0          1

<-Total transform 147->iterations: 2, Init error: 30.6493, SBA error26.0714#
  0.871533 -0.0226887   0.489811   -126.011
 0.0751414    0.99331 -0.0876894    2.99234
 -0.484545   0.113229   0.867407   -583.468
         0          0          0          1

<-Total transform 148->iterations: 22, Init error: 12.9726, SBA error10.5721#
  0.870054 -0.0260362   0.492269   -134.544
 0.0793023    0.99299 -0.0876423    11.8447
 -0.486536   0.115292    0.86602   -581.203
         0          0          0          1

<-Total transform 149->iterations: 3, Init error: 10.5041, SBA error7.36364#
  0.869247 -0.0249658   0.493748   -140.472
 0.0802637   0.992601  -0.091115    12.7843
  -0.48782   0.118831   0.864818   -589.772
         0          0          0          1

<-Total transform 150->iterations: 2, Init error: 12.7718, SBA error11.607#
  0.864453 -0.0256313   0.502059   -150.309
 0.0834757   0.992153  -0.093078    18.1021
 -0.495734   0.122371    0.85981   -589.516
         0          0          0          1

<-Total transform 151->iterations: 2, Init error: 9.65617, SBA error7.55538#
  0.862845 -0.0280926   0.504687   -150.425
  0.087818   0.991602 -0.0949433    21.3543
 -0.497782   0.126242   0.858065   -591.668
         0          0          0          1

<-Total transform 152->iterations: 21, Init error: 10.1373, SBA error7.55465#
  0.863021  -0.028347   0.504372   -150.188
 0.0888962   0.991366 -0.0963911    23.5497
 -0.497285   0.128024   0.858089   -592.928
         0          0          0          1

<-Total transform 153->iterations: 27, Init error: 13.2263, SBA error7.41608#
  0.862686 -0.0273851   0.504997   -152.156
  0.089048   0.991158 -0.0983718    21.5662
 -0.497838   0.129833   0.857497    -579.43
         0          0          0          1

<-Total transform 154->iterations: 14, Init error: 10.186, SBA error8.9001#
  0.861885 -0.0270128   0.506384   -155.033
 0.0893579   0.991045 -0.0992236    22.0373
 -0.499169   0.130769    0.85658   -581.715
         0          0          0          1

