<-Total transform 33->iterations: 2, Init error: 1244.45, SBA error1193.45#
   0.999999 -0.00054806  0.00147712     64.5298
0.000550215    0.999999 -0.00145918     21.4536
-0.00147632  0.00145999    0.999998    -157.577
          0           0           0           1

<-Total transform 65->iterations: 27, Init error: 260.595, SBA error84.107#
    0.999998   0.00010443   0.00208292     -10.1495
-0.000100932     0.999999  -0.00167927      32.5442
 -0.00208309   0.00167905     0.999996     -295.246
           0            0            0            1

<-Total transform 97->iterations: 21, Init error: 112.106, SBA error63.2018#
     0.999996  5.50538e-005    0.00278198      -45.6808
-5.09885e-005      0.999999   -0.00146137       31.8838
  -0.00278206    0.00146122      0.999995      -384.645
            0             0             0             1

<-Total transform 129->iterations: 3, Init error: 562.527, SBA error503.552#
   0.999988 0.000306154  0.00488023    -36.0018
-0.00029168    0.999996  -0.0029664     31.9471
-0.00488112  0.00296494    0.999984    -382.473
          0           0           0           1

<-Total transform 161->iterations: 2, Init error: 147.174, SBA error122.547#
    0.999936  0.000551619     0.011301     -58.3865
-0.000513384     0.999994   -0.0033859      32.0269
  -0.0113028   0.00337989      0.99993     -436.313
           0            0            0            1

<-Total transform 193->iterations: 2, Init error: 584.769, SBA error324.712#
    0.999906  0.000471537     0.013669     -20.1211
-0.000427343     0.999995  -0.00323586      33.3669
  -0.0136705   0.00322972     0.999901     -625.039
           0            0            0            1

<-Total transform 225->iterations: 4, Init error: 2756.31, SBA error1228.2#
    0.99984  0.00175185    0.017812    -217.004
-0.00168838    0.999992 -0.00357807     116.596
 -0.0178181  0.00354742    0.999835    -668.472
          0           0           0           1

<-Total transform 257->iterations: 3, Init error: 380.232, SBA error215.771#
   0.999728  0.00257429   0.0231839    -255.632
-0.00251007    0.999993 -0.00279859     117.668
 -0.0231909  0.00273964    0.999727     -795.91
          0           0           0           1

<-Total transform 289->iterations: 13, Init error: 5003.36, SBA error3430.39#
    0.999622  0.000888762    0.0274631     -364.377
-0.000818752     0.999996   -0.0025604      97.3953
  -0.0274653   0.00253695      0.99962     -904.066
           0            0            0            1

<-Total transform 321->iterations: 18, Init error: 349.971, SBA error344.812#
    0.999493 -0.000414225     0.031821     -361.347
 0.000546132     0.999991  -0.00413673       98.374
   -0.031819   0.00415201     0.999485     -909.698
           0            0            0            1

<-Total transform 353->iterations: 4, Init error: 1068.9, SBA error75.81#
    0.999399  0.000111973    0.0346586      -520.87
6.02154e-005     0.999988  -0.00496705      88.3662
  -0.0346587   0.00496615     0.999387      -788.99
           0            0            0            1

<-Total transform 385->iterations: 2, Init error: 1224.96, SBA error1210.6#
    0.999285  0.000868602    0.0377868     -510.653
-0.000640119     0.999981  -0.00605832      89.7084
  -0.0377914    0.0060298     0.999267     -762.084
           0            0            0            1

<-Total transform 417->iterations: 5, Init error: 850.061, SBA error690.439#
  0.999085 0.00177629   0.042735   -612.484
-0.0014271   0.999965 -0.0082002    176.354
-0.0427481 0.00813171   0.999053   -642.895
         0          0          0          1

<-Total transform 449->iterations: 4, Init error: 2378.74, SBA error1519.8#
     0.998842   0.000508281     0.0480995      -517.326
-4.68612e-005      0.999954   -0.00959367       242.388
   -0.0481021    0.00958031      0.998796      -485.099
            0             0             0             1

