<-Total transform 4->iterations: 3, Init error: 17.8106, SBA error15.2791#
    0.99996 -0.00786695 -0.00430064    -10.6928
 0.00783608    0.999944 -0.00714707     12.1731
 0.00435662  0.00711308    0.999965    -13.2187
          0           0           0           1

<-Total transform 9->iterations: 22, Init error: 11.3996, SBA error9.56078#
   0.999967  -0.0080938  -0.0010159    -11.8032
 0.00808457    0.999929 -0.00878474     12.5225
 0.00108693  0.00877623    0.999961    -3.24966
          0           0           0           1

<-Total transform 14->iterations: 2, Init error: 47.2712, SBA error46.914#
  0.999901 -0.0028232  0.0137646   -7.87736
0.00303512   0.999877 -0.0154001    -1.5435
-0.0137194  0.0154404   0.999787   -6.92673
         0          0          0          1

<-Total transform 19->iterations: 33, Init error: 42.6259, SBA error28.9744#
     0.99983  0.000807006    0.0184213     -6.66098
-0.000433688     0.999795   -0.0202606     -2.09613
  -0.0184339    0.0202491     0.999625     -21.5014
           0            0            0            1

<-Total transform 24->iterations: 2, Init error: 60.5321, SBA error51.4649#
    0.999293 -0.000923305    0.0375831      21.5117
  0.00115937      0.99998  -0.00625975     -2.53804
  -0.0375766   0.00629889     0.999274     -19.5768
           0            0            0            1

<-Total transform 29->iterations: 1, Init error: 36.5183, SBA error36.5183#
    0.99845  -0.0267754   0.0487861     21.3524
  0.0264912    0.999628  0.00646315     -2.2124
  -0.048941 -0.00516073    0.998788    -19.7896
          0           0           0           1

<-Total transform 34->iterations: 5, Init error: 125.178, SBA error105.801#
   0.997391  -0.0431811   0.0578534     27.2999
  0.0430319    0.999066  0.00382275  -0.0817455
 -0.0579645 -0.00132323    0.998318    -21.2455
          0           0           0           1

<-Total transform 39->iterations: 17, Init error: 12.5905, SBA error11.9044#
  0.996831  -0.052033  0.0601672    31.9415
 0.0520304   0.998644 0.00161111   0.240767
-0.0601695 0.00152452   0.998187   -23.0289
         0          0          0          1

<-Total transform 44->iterations: 2, Init error: 84.4546, SBA error83.9639#
   0.99696   -0.05187  0.0581475    37.7776
 0.0512704   0.998616   0.011757 -0.0335567
-0.0586769   -0.00874   0.998239   -21.8802
         0          0          0          1

<-Total transform 49->iterations: 92, Init error: 72.9142, SBA error71.2587#
  0.997648 -0.0462433  0.0506044    42.7038
 0.0456717    0.99888  0.0123946  -0.652275
-0.0511209 -0.0100542   0.998642   -17.5214
         0          0          0          1

<-Total transform 54->iterations: 18, Init error: 65.4222, SBA error65.3978#
  0.997608 -0.0498535  0.0478935    43.1166
 0.0491351   0.998663  0.0160623  -0.558597
-0.0486302 -0.0136707   0.998723   -17.4001
         0          0          0          1

<-Total transform 59->iterations: 35, Init error: 92.0692, SBA error85.244#
  0.997433 -0.0472656  0.0537828     63.298
 0.0459889   0.998636  0.0247326   -3.31255
-0.0548784 -0.0221957   0.998246   -19.8373
         0          0          0          1

<-Total transform 64->iterations: 8, Init error: 66.2086, SBA error48.8919#
  0.997352 -0.0480412  0.0545974    58.8701
 0.0470575   0.998708  0.0191619    -2.3722
-0.0554475 -0.0165419   0.998325   -33.8202
         0          0          0          1

<-Total transform 69->iterations: 2, Init error: 69.9372, SBA error68.581#
    0.996482   -0.0538702    0.0642075       51.074
   0.0540239     0.998539 -0.000659555      3.83487
  -0.0640782   0.00412598     0.997936     -53.5469
           0            0            0            1

<-Total transform 74->iterations: 14, Init error: 56.3493, SBA error48.4023#
  0.994529 -0.0689887  0.0784324     41.996
 0.0701496   0.997463 -0.0121405    5.73046
-0.0773958   0.017576   0.996846    -65.343
         0          0          0          1

<-Total transform 79->iterations: 7, Init error: 60.144, SBA error48.1378#
  0.994247 -0.0778184  0.0736057    33.5114
  0.078631    0.99687  -0.008203    5.71353
-0.0727369  0.0139435   0.997254   -76.1825
         0          0          0          1

<-Total transform 84->iterations: 4, Init error: 59.0419, SBA error44.1773#
   0.990592   -0.089822    0.103243     50.5762
  0.0907091     0.99587 -0.00391925     7.08835
  -0.102464   0.0132474    0.994648    -67.3651
          0           0           0           1

<-Total transform 89->iterations: 9, Init error: 9.40252, SBA error8.40213#
     0.988359    -0.0974465      0.116834        51.871
     0.098129      0.995174 -9.03095e-005        7.3287
    -0.116262     0.0115541      0.993151      -71.1116
            0             0             0             1

<-Total transform 94->iterations: 4, Init error: 55.5788, SBA error46.0816#
  0.987288 -0.0983577   0.124849    38.3427
 0.0998886    0.99498 -0.0060461    8.24271
 -0.123627  0.0184402   0.992157   -104.887
         0          0          0          1

<-Total transform 99->iterations: 1, Init error: 24.4931, SBA error24.4931#
  0.985923  -0.100974   0.133269    37.4292
  0.103592   0.994537 -0.0128408    9.10777
 -0.131244  0.0264656   0.990997   -105.145
         0          0          0          1

<-Total transform 104->iterations: 29, Init error: 25.8707, SBA error20.356#
  0.983686  -0.100407   0.149265    46.3183
  0.103996   0.994442 -0.0164145    9.16877
 -0.146788  0.0316697   0.988661    -111.54
         0          0          0          1

<-Total transform 109->iterations: 26, Init error: 10.6035, SBA error5.16239#
  0.982898 -0.0967725   0.156671    56.6225
  0.101068   0.994685 -0.0196668    3.86322
 -0.153936  0.0351649   0.987455    -136.22
         0          0          0          1

<-Total transform 114->iterations: 5, Init error: 64.6443, SBA error16.1166#
  0.983285 -0.0931525   0.156436      66.07
    0.1018   0.993637 -0.0481898   -22.9386
 -0.150952  0.0633095   0.986512   -198.061
         0          0          0          1

<-Total transform 119->iterations: 1, Init error: 11.8337, SBA error11.7079#
  0.983285 -0.0931525   0.156436      66.07
    0.1018   0.993637 -0.0481898   -22.9386
 -0.150952  0.0633095   0.986512   -198.061
         0          0          0          1

<-Total transform 124->iterations: 1, Init error: 10.3202, SBA error6.54756#
  0.983285 -0.0931525   0.156436      66.07
    0.1018   0.993637 -0.0481898   -22.9386
 -0.150952  0.0633095   0.986512   -198.061
         0          0          0          1

<-Total transform 129->iterations: 2, Init error: 88.3144, SBA error66.2692#
  0.983374   -0.10542   0.147856     52.881
  0.115569   0.991376 -0.0617938   -14.6916
 -0.140066   0.077854   0.987077   -203.065
         0          0          0          1

<-Total transform 134->iterations: 5, Init error: 31.1484, SBA error5.25611#
  0.984705  -0.106641   0.137785    41.1573
  0.119168   0.989134 -0.0860935   -9.40769
 -0.127107   0.101196   0.986713   -222.853
         0          0          0          1

<-Total transform 139->iterations: 1, Init error: 74.02, SBA error74.02#
  0.987192 -0.0995996   0.124623    43.8794
  0.110807   0.990072 -0.0864804   -9.92537
 -0.114773   0.099182   0.988428   -222.311
         0          0          0          1

<-Total transform 144->iterations: 1, Init error: 84.825, SBA error84.825#
  0.988773 -0.0901567   0.119165     44.809
 0.0992426   0.992408 -0.0726401   -13.7471
 -0.111711  0.0836508   0.990214   -221.922
         0          0          0          1

<-Total transform 149->iterations: 1, Init error: 43.9818, SBA error43.9818#
  0.990241 -0.0847964   0.110604    46.5411
 0.0927189   0.993329 -0.0685623   -15.0926
 -0.104052  0.0781482   0.991497   -221.477
         0          0          0          1

<-Total transform 154->iterations: 1, Init error: 46.6882, SBA error46.6882#
  0.991187 -0.0855321   0.101155    48.6485
 0.0928425   0.993223 -0.0699108   -14.7926
-0.0944898  0.0786862   0.992411   -221.044
         0          0          0          1

<-Total transform 159->iterations: 1, Init error: 35.0397, SBA error35.0397#
  0.991799 -0.0766781   0.102253    48.1347
 0.0842318   0.993862 -0.0717203   -15.0128
 -0.096126   0.079745    0.99217   -221.142
         0          0          0          1

<-Total transform 164->iterations: 37, Init error: 95.8384, SBA error2.31441#
 0.992635 -0.059054  0.105773   47.3108
0.0660673  0.995756 -0.064075   6.76914
 -0.10154 0.0705912  0.992324    -230.8
        0         0         0         1

<-Total transform 169->iterations: 44, Init error: 18.351, SBA error3.27989#
  0.992552 -0.0539286   0.109238    44.0137
 0.0600152   0.996778 -0.0532175     10.968
 -0.106016   0.059377    0.99259   -256.927
         0          0          0          1

<-Total transform 174->iterations: 3, Init error: 9.47919, SBA error8.10699#
  0.990363 -0.0665403   0.121467    43.6085
 0.0739467   0.995602 -0.0575171    13.2441
 -0.117105  0.0659448   0.990928   -262.608
         0          0          0          1

<-Total transform 179->iterations: 3, Init error: 22.7977, SBA error20.484#
  0.988241  -0.081588   0.129317    45.1843
 0.0905467    0.99377 -0.0649745    16.3665
  -0.12321  0.0759197   0.989472   -262.545
         0          0          0          1

<-Total transform 184->iterations: 2, Init error: 9.16567, SBA error4.13117#
   0.98676 -0.0816999   0.140104    47.5857
 0.0917191   0.993555 -0.0666033    17.6569
  -0.13376  0.0785717   0.987894   -270.851
         0          0          0          1

<-Total transform 189->iterations: 3, Init error: 16.9659, SBA error9.84149#
  0.985703 -0.0809135   0.147791    43.9045
 0.0926441   0.992924 -0.0742849    19.3814
 -0.140735  0.0869148   0.986225   -282.332
         0          0          0          1

<-Total transform 194->iterations: 3, Init error: 16.796, SBA error5.92785#
  0.984386  -0.078964   0.157321    47.1316
 0.0935606   0.991749 -0.0876383    18.4246
 -0.149102   0.100989   0.983651   -292.809
         0          0          0          1

<-Total transform 199->iterations: 3, Init error: 12.1189, SBA error3.93391#
  0.982549 -0.0763509   0.169614    47.3344
  0.092482     0.9917 -0.0893253    16.4155
 -0.161386   0.103453   0.981454     -302.7
         0          0          0          1

<-Total transform 204->iterations: 2, Init error: 28.4322, SBA error20.2435#
  0.980494 -0.0846458   0.177386    47.3199
  0.102592   0.990219 -0.0945564    20.9758
 -0.167647    0.11091   0.979588   -310.243
         0          0          0          1

<-Total transform 209->iterations: 1, Init error: 6.85476, SBA error5.8127#
  0.980494 -0.0846458   0.177386    47.3199
  0.102592   0.990219 -0.0945564    20.9758
 -0.167647    0.11091   0.979588   -310.243
         0          0          0          1

<-Total transform 214->iterations: 1, Init error: 3.80539, SBA error2.88317#
  0.980494 -0.0846458   0.177386    47.3199
  0.102592   0.990219 -0.0945564    20.9758
 -0.167647    0.11091   0.979588   -310.243
         0          0          0          1

<-Total transform 219->iterations: 2, Init error: 31.8378, SBA error13.416#
 0.977257 -0.095707  0.189232   48.9161
  0.11685  0.987699 -0.103908   28.1808
 -0.17696  0.123657  0.976419  -314.693
        0         0         0         1

<-Total transform 224->iterations: 3, Init error: 37.5657, SBA error3.23054#
  0.975613 -0.0967911   0.197006    54.5346
  0.120399   0.986433  -0.111597    34.2207
 -0.183532   0.132595    0.97403   -325.978
         0          0          0          1

