<-Total transform 4->iterations: 3, Init error: 17.8106, SBA error15.2791#
    0.99996 -0.00786695 -0.00430064    -10.6928
 0.00783608    0.999944 -0.00714707     12.1731
 0.00435662  0.00711308    0.999965    -13.2187
          0           0           0           1

<-Total transform 9->iterations: 22, Init error: 11.3996, SBA error9.56078#
   0.999967  -0.0080938  -0.0010159    -11.8032
 0.00808457    0.999929 -0.00878474     12.5225
 0.00108693  0.00877623    0.999961    -3.24966
          0           0           0           1

<-Total transform 14->iterations: 2, Init error: 47.2712, SBA error46.914#
  0.999901 -0.0028232  0.0137646   -7.87736
0.00303512   0.999877 -0.0154001    -1.5435
-0.0137194  0.0154404   0.999787   -6.92673
         0          0          0          1

<-Total transform 19->iterations: 35, Init error: 43.4335, SBA error29.5713#
     0.99983  0.000807006    0.0184213     -6.64254
-0.000433688     0.999795   -0.0202606     -2.07558
  -0.0184339    0.0202491     0.999625     -21.4348
           0            0            0            1

<-Total transform 24->iterations: 2, Init error: 60.5321, SBA error51.4649#
    0.999293 -0.000923305    0.0375831      21.5314
  0.00115937      0.99998  -0.00625975     -2.51653
  -0.0375766   0.00629889     0.999274     -19.5109
           0            0            0            1

<-Total transform 29->iterations: 1, Init error: 36.5183, SBA error36.5183#
    0.99845  -0.0267754   0.0487861     21.3722
  0.0264912    0.999628  0.00646315    -2.18962
  -0.048941 -0.00516073    0.998788    -19.7242
          0           0           0           1

<-Total transform 34->iterations: 5, Init error: 125.178, SBA error105.801#
   0.997391  -0.0431811   0.0578534     27.3199
  0.0430319    0.999066  0.00382275  -0.0588664
 -0.0579645 -0.00132323    0.998318    -21.1802
          0           0           0           1

<-Total transform 39->iterations: 17, Init error: 12.5905, SBA error11.9044#
  0.996831  -0.052033  0.0601672    31.9615
 0.0520304   0.998644 0.00161111   0.263645
-0.0601695 0.00152452   0.998187   -22.9635
         0          0          0          1

<-Total transform 44->iterations: 2, Init error: 82.7303, SBA error81.9899#
   0.99696   -0.05187  0.0581475    37.0273
 0.0512704   0.998616   0.011757 -0.0193268
-0.0586769   -0.00874   0.998239   -21.9015
         0          0          0          1

<-Total transform 49->iterations: 51, Init error: 106.169, SBA error94.923#
  0.997648 -0.0462433  0.0506044    46.0646
 0.0456717    0.99888  0.0123946   -2.71398
-0.0511209 -0.0100542   0.998642   -13.1331
         0          0          0          1

<-Total transform 54->iterations: 21, Init error: 64.3848, SBA error64.3615#
  0.997608 -0.0498535  0.0478935    46.4802
 0.0491351   0.998663  0.0160623   -2.59273
-0.0486302 -0.0136707   0.998723   -12.9956
         0          0          0          1

<-Total transform 59->iterations: 35, Init error: 92.0692, SBA error85.244#
  0.997433 -0.0472656  0.0537828    66.6819
 0.0459889   0.998636  0.0247326   -5.31694
-0.0548784 -0.0221957   0.998246   -15.4347
         0          0          0          1

<-Total transform 64->iterations: 8, Init error: 66.2086, SBA error48.8919#
  0.997352 -0.0480412  0.0545974    62.2592
 0.0470575   0.998708  0.0191619   -4.39872
-0.0554475 -0.0165419   0.998325   -29.4318
         0          0          0          1

<-Total transform 69->iterations: 2, Init error: 69.9372, SBA error68.581#
    0.996482   -0.0538702    0.0642075      54.5171
   0.0540239     0.998539 -0.000659555      1.74018
  -0.0640782   0.00412598     0.997936     -49.2332
           0            0            0            1

<-Total transform 74->iterations: 20, Init error: 56.7043, SBA error48.5315#
  0.994529 -0.0689887  0.0784324    45.5727
 0.0701496   0.997463 -0.0121405    3.63968
-0.0773958   0.017576   0.996846   -61.2332
         0          0          0          1

<-Total transform 79->iterations: 7, Init error: 62.1464, SBA error50.2827#
  0.994247 -0.0778184  0.0736057    37.1079
  0.078631    0.99687  -0.008203    3.71273
-0.0727369  0.0139435   0.997254      -72.2
         0          0          0          1

<-Total transform 84->iterations: 4, Init error: 59.4741, SBA error44.3712#
   0.990592   -0.089822    0.103243     54.5465
  0.0907091     0.99587 -0.00391925     5.26216
  -0.102464   0.0132474    0.994648    -62.8641
          0           0           0           1

<-Total transform 89->iterations: 9, Init error: 9.40252, SBA error8.40213#
     0.988359    -0.0974465      0.116834       55.9165
     0.098129      0.995174 -9.03095e-005       5.54725
    -0.116262     0.0115541      0.993151        -66.66
            0             0             0             1

<-Total transform 94->iterations: 4, Init error: 55.5788, SBA error46.0816#
  0.987288 -0.0983577   0.124849    42.4258
 0.0998886    0.99498 -0.0060461    6.43834
 -0.123627  0.0184402   0.992157   -100.479
         0          0          0          1

<-Total transform 99->iterations: 2, Init error: 24.3863, SBA error24.3845#
  0.985923  -0.100974   0.133269    41.0875
  0.103592   0.994537 -0.0128408     7.2951
 -0.131244  0.0264656   0.990997   -101.228
         0          0          0          1

<-Total transform 104->iterations: 29, Init error: 25.8707, SBA error20.356#
  0.983686  -0.100407   0.149265    50.0392
  0.103996   0.994442 -0.0164145    7.34177
 -0.146788  0.0316697   0.988661   -107.689
         0          0          0          1

<-Total transform 109->iterations: 4, Init error: 8.59737, SBA error4.10014#
  0.982898 -0.0967725   0.156671    60.4671
  0.101068   0.994685 -0.0196668    1.83898
 -0.153936  0.0351649   0.987455    -123.03
         0          0          0          1

<-Total transform 114->iterations: 5, Init error: 64.948, SBA error16.1844#
  0.983285 -0.0931525   0.156436    69.9104
    0.1018   0.993637 -0.0481898   -25.3862
 -0.150952  0.0633095   0.986512    -185.47
         0          0          0          1

<-Total transform 119->iterations: 8, Init error: 11.9157, SBA error11.7313#
  0.983285 -0.0931525   0.156436    69.9104
    0.1018   0.993637 -0.0481898   -25.3862
 -0.150952  0.0633095   0.986512    -185.47
         0          0          0          1

<-Total transform 124->iterations: 3, Init error: 10.3018, SBA error6.25999#
  0.983285 -0.0931525   0.156436    69.9104
    0.1018   0.993637 -0.0481898   -25.3862
 -0.150952  0.0633095   0.986512    -185.47
         0          0          0          1

<-Total transform 129->iterations: 2, Init error: 88.5715, SBA error66.1886#
  0.983374   -0.10542   0.147856    56.5927
  0.115569   0.991376 -0.0617938   -17.2524
 -0.140066   0.077854   0.987077   -190.301
         0          0          0          1

<-Total transform 134->iterations: 5, Init error: 32.8461, SBA error4.44011#
  0.984705  -0.106641   0.137785    45.3165
  0.119168   0.989134 -0.0860935   -14.0773
 -0.127107   0.101196   0.986713   -208.985
         0          0          0          1

<-Total transform 139->iterations: 1, Init error: 76.0634, SBA error76.0634#
  0.987192 -0.0995996   0.124623    47.8243
  0.110807   0.990072 -0.0864804   -14.6189
 -0.114773   0.099182   0.988428   -208.388
         0          0          0          1

<-Total transform 144->iterations: 1, Init error: 84.319, SBA error84.319#
  0.988773 -0.0901567   0.119165    48.6422
 0.0992426   0.992408 -0.0726401   -18.2668
 -0.111711  0.0836508   0.990214    -207.91
         0          0          0          1

<-Total transform 149->iterations: 1, Init error: 43.9818, SBA error43.9818#
  0.990241 -0.0847964   0.110604    50.2318
 0.0927189   0.993329 -0.0685623   -19.5675
 -0.104052  0.0781482   0.991497   -207.413
         0          0          0          1

<-Total transform 154->iterations: 1, Init error: 46.6634, SBA error46.6634#
  0.991187 -0.0855321   0.101155     52.205
 0.0928425   0.993223 -0.0699108   -19.2866
-0.0944898  0.0786862   0.992411   -206.952
         0          0          0          1

<-Total transform 159->iterations: 1, Init error: 35.7122, SBA error35.7122#
  0.991799 -0.0766781   0.102253    51.6759
 0.0842318   0.993862 -0.0717203    -19.551
 -0.096126   0.079745    0.99217    -207.06
         0          0          0          1

<-Total transform 164->iterations: 19, Init error: 98.3091, SBA error2.34581#
 0.992635 -0.059054  0.105773   50.7449
0.0660673  0.995756 -0.064075   2.33913
 -0.10154 0.0705912  0.992324   -215.56
        0         0         0         1

<-Total transform 169->iterations: 13, Init error: 18.6312, SBA error3.32881#
  0.992552 -0.0539286   0.109238    47.2139
 0.0600152   0.996778 -0.0532175    6.80331
 -0.106016   0.059377    0.99259   -240.006
         0          0          0          1

<-Total transform 174->iterations: 3, Init error: 9.63131, SBA error8.26274#
  0.990363 -0.0665403   0.121467    47.0297
 0.0739467   0.995602 -0.0575171    9.01496
 -0.117105  0.0659448   0.990928   -245.796
         0          0          0          1

<-Total transform 179->iterations: 3, Init error: 22.9679, SBA error20.6407#
  0.988241  -0.081588   0.129317    48.7981
 0.0905467    0.99377 -0.0649745    12.0325
  -0.12321  0.0759197   0.989472     -245.8
         0          0          0          1

<-Total transform 184->iterations: 2, Init error: 9.00557, SBA error4.16958#
   0.98676 -0.0816999   0.140104    51.3433
 0.0917191   0.993555 -0.0666033    13.2862
  -0.13376  0.0785717   0.987894   -253.856
         0          0          0          1

<-Total transform 189->iterations: 3, Init error: 17.0688, SBA error9.88293#
  0.985703 -0.0809135   0.147791    47.7716
 0.0926441   0.992924 -0.0742849    14.9507
 -0.140735  0.0869148   0.986225   -265.028
         0          0          0          1

<-Total transform 194->iterations: 3, Init error: 16.769, SBA error5.94126#
  0.984386  -0.078964   0.157321    51.1717
 0.0935606   0.991749 -0.0876383     13.779
 -0.149102   0.100989   0.983651   -275.639
         0          0          0          1

<-Total transform 199->iterations: 3, Init error: 12.1119, SBA error3.94005#
  0.982549 -0.0763509   0.169614    51.5843
  0.092482     0.9917 -0.0893253     11.747
 -0.161386   0.103453   0.981454   -285.563
         0          0          0          1

<-Total transform 204->iterations: 2, Init error: 28.3468, SBA error19.7772#
  0.980494 -0.0846458   0.177386    51.8759
  0.102592   0.990219 -0.0945564    16.2246
 -0.167647    0.11091   0.979588   -293.203
         0          0          0          1

<-Total transform 209->iterations: 4, Init error: 6.89717, SBA error4.56092#
  0.980494 -0.0846458   0.177386    51.8759
  0.102592   0.990219 -0.0945564    16.2246
 -0.167647    0.11091   0.979588   -293.203
         0          0          0          1

<-Total transform 214->iterations: 3, Init error: 3.78878, SBA error2.71034#
  0.980494 -0.0846458   0.177386    51.8759
  0.102592   0.990219 -0.0945564    16.2246
 -0.167647    0.11091   0.979588   -293.203
         0          0          0          1

<-Total transform 219->iterations: 2, Init error: 31.4393, SBA error13.2573#
 0.977257 -0.095707  0.189232   53.5971
  0.11685  0.987699 -0.103908    23.276
 -0.17696  0.123657  0.976419  -298.264
        0         0         0         1

<-Total transform 224->iterations: 3, Init error: 37.5515, SBA error3.22884#
  0.975613 -0.0967911   0.197006    59.3582
  0.120399   0.986433  -0.111597    29.1859
 -0.183532   0.132595    0.97403   -309.648
         0          0          0          1

