<-Total transform 4->iterations: 2, Init error: 17.9143, SBA error16.687#
    0.99996 -0.00786695 -0.00430064    -9.93872
 0.00783608    0.999944 -0.00714707     10.1218
 0.00435662  0.00711308    0.999965    -14.4582
          0           0           0           1

<-Total transform 9->iterations: 22, Init error: 11.3996, SBA error9.56078#
   0.999967  -0.0080938  -0.0010159    -11.0527
 0.00808457    0.999929 -0.00878474     10.4735
 0.00108693  0.00877623    0.999961    -4.49497
          0           0           0           1

<-Total transform 14->iterations: 2, Init error: 47.2712, SBA error46.914#
  0.999901 -0.0028232  0.0137646   -7.15593
0.00303512   0.999877 -0.0154001   -3.58798
-0.0137194  0.0154404   0.999787   -8.19644
         0          0          0          1

<-Total transform 19->iterations: 33, Init error: 42.6259, SBA error28.9744#
     0.99983  0.000807006    0.0184213     -5.95281
-0.000433688     0.999795   -0.0202606       -4.137
  -0.0184339    0.0202491     0.999625     -22.7843
           0            0            0            1

<-Total transform 24->iterations: 2, Init error: 60.5321, SBA error51.4649#
    0.999293 -0.000923305    0.0375831      22.1995
  0.00115937      0.99998  -0.00625975     -4.59533
  -0.0375766   0.00629889     0.999274     -20.8445
           0            0            0            1

<-Total transform 29->iterations: 1, Init error: 36.5183, SBA error36.5183#
    0.99845  -0.0267754   0.0487861     22.0792
  0.0264912    0.999628  0.00646315    -4.26602
  -0.048941 -0.00516073    0.998788    -21.0413
          0           0           0           1

<-Total transform 34->iterations: 5, Init error: 125.178, SBA error105.801#
   0.997391  -0.0431811   0.0578534     28.0487
  0.0430319    0.999066  0.00382275    -2.11885
 -0.0579645 -0.00132323    0.998318    -22.5112
          0           0           0           1

<-Total transform 39->iterations: 17, Init error: 12.5905, SBA error11.9044#
  0.996831  -0.052033  0.0601672    32.7053
 0.0520304   0.998644 0.00161111   -1.78616
-0.0601695 0.00152452   0.998187   -24.3019
         0          0          0          1

<-Total transform 44->iterations: 2, Init error: 82.7303, SBA error81.9899#
   0.99696   -0.05187  0.0581475    37.7736
 0.0512704   0.998616   0.011757   -2.08275
-0.0586769   -0.00874   0.998239   -23.2174
         0          0          0          1

<-Total transform 49->iterations: 51, Init error: 106.169, SBA error94.923#
  0.997648 -0.0462433  0.0506044    46.8093
 0.0456717    0.99888  0.0123946   -4.78279
-0.0511209 -0.0100542   0.998642   -14.4414
         0          0          0          1

<-Total transform 54->iterations: 21, Init error: 64.3848, SBA error64.3615#
  0.997608 -0.0498535  0.0478935     47.236
 0.0491351   0.998663  0.0160623   -4.66335
-0.0486302 -0.0136707   0.998723   -14.2947
         0          0          0          1

<-Total transform 59->iterations: 97, Init error: 135.784, SBA error102.785#
  0.997433 -0.0472656  0.0537828    77.5088
 0.0459889   0.998636  0.0247326    -4.9505
-0.0548784 -0.0221957   0.998246   -4.86367
         0          0          0          1

<-Total transform 64->iterations: 8, Init error: 97.1375, SBA error70.3764#
  0.997352 -0.0480412  0.0545974    81.7073
 0.0470575   0.998708  0.0191619   -4.19404
-0.0554475 -0.0165419   0.998325   -10.6661
         0          0          0          1

<-Total transform 69->iterations: 2, Init error: 69.9372, SBA error68.581#
    0.996482   -0.0538702    0.0642075      74.1455
   0.0540239     0.998539 -0.000659555      1.68052
  -0.0640782   0.00412598     0.997936     -30.6552
           0            0            0            1

<-Total transform 74->iterations: 14, Init error: 56.3493, SBA error48.4023#
  0.994529 -0.0689887  0.0784324    65.4216
 0.0701496   0.997463 -0.0121405    3.64556
-0.0773958   0.017576   0.996846   -42.8072
         0          0          0          1

<-Total transform 79->iterations: 7, Init error: 60.7354, SBA error48.6307#
  0.994247 -0.0778184  0.0736057    56.8082
  0.078631    0.99687  -0.008203    3.92278
-0.0727369  0.0139435   0.997254    -53.617
         0          0          0          1

<-Total transform 84->iterations: 4, Init error: 59.4741, SBA error44.3712#
   0.990592   -0.089822    0.103243     74.7851
  0.0907091     0.99587 -0.00391925     5.77932
  -0.102464   0.0132474    0.994648    -44.8751
          0           0           0           1

<-Total transform 89->iterations: 12, Init error: 9.33856, SBA error8.34036#
     0.988359    -0.0974465      0.116834       76.3949
     0.098129      0.995174 -9.03095e-005       6.27815
    -0.116262     0.0115541      0.993151      -48.9179
            0             0             0             1

<-Total transform 94->iterations: 4, Init error: 55.9917, SBA error46.3271#
  0.987288 -0.0983577   0.124849    63.0391
 0.0998886    0.99498 -0.0060461    7.08763
 -0.123627  0.0184402   0.992157   -82.9667
         0          0          0          1

<-Total transform 99->iterations: 1, Init error: 24.4931, SBA error24.4931#
  0.985923  -0.100974   0.133269    62.3137
  0.103592   0.994537 -0.0128408    7.86515
 -0.131244  0.0264656   0.990997   -83.4433
         0          0          0          1

<-Total transform 104->iterations: 29, Init error: 25.8707, SBA error20.356#
  0.983686  -0.100407   0.149265      71.55
  0.103996   0.994442 -0.0164145    7.84639
 -0.146788  0.0316697   0.988661   -90.2479
         0          0          0          1

<-Total transform 109->iterations: 26, Init error: 10.6035, SBA error5.16239#
  0.982898 -0.0967725   0.156671    82.0097
  0.101068   0.994685 -0.0196668    2.39617
 -0.153936  0.0351649   0.987455   -115.123
         0          0          0          1

<-Total transform 114->iterations: 5, Init error: 64.6443, SBA error16.1166#
  0.983285 -0.0931525   0.156436    91.4481
    0.1018   0.993637 -0.0481898   -25.0951
 -0.150952  0.0633095   0.986512   -177.012
         0          0          0          1

<-Total transform 119->iterations: 4, Init error: 11.8337, SBA error11.6447#
  0.983285 -0.0931525   0.156436    91.4481
    0.1018   0.993637 -0.0481898   -25.0951
 -0.150952  0.0633095   0.986512   -177.012
         0          0          0          1

<-Total transform 124->iterations: 3, Init error: 8.59365, SBA error4.69113#
  0.983285 -0.0931525   0.156436    91.4481
    0.1018   0.993637 -0.0481898   -25.0951
 -0.150952  0.0633095   0.986512   -177.012
         0          0          0          1

<-Total transform 129->iterations: 2, Init error: 90.1493, SBA error67.6273#
  0.983374   -0.10542   0.147856    78.2593
  0.115569   0.991376 -0.0617938   -16.6872
 -0.140066   0.077854   0.987077   -181.122
         0          0          0          1

<-Total transform 134->iterations: 3, Init error: 33.3666, SBA error12.0152#
  0.984705  -0.106641   0.137785    68.3167
  0.119168   0.989134 -0.0860935   -7.56483
 -0.127107   0.101196   0.986713   -208.456
         0          0          0          1

<-Total transform 139->iterations: 1, Init error: 75.4592, SBA error75.4592#
  0.987192 -0.0995996   0.124623    70.8699
  0.110807   0.990072 -0.0864804   -8.29916
 -0.114773   0.099182   0.988428   -207.574
         0          0          0          1

<-Total transform 144->iterations: 1, Init error: 84.4515, SBA error84.4515#
  0.988773 -0.0901567   0.119165    71.7458
 0.0992426   0.992408 -0.0726401   -12.1644
 -0.111711  0.0836508   0.990214   -207.082
         0          0          0          1

<-Total transform 149->iterations: 1, Init error: 43.7078, SBA error43.7078#
  0.990241 -0.0847964   0.110604    73.3645
 0.0927189   0.993329 -0.0685623    -13.601
 -0.104052  0.0781482   0.991497   -206.424
         0          0          0          1

<-Total transform 154->iterations: 1, Init error: 45.9614, SBA error45.9614#
  0.991187 -0.0855321   0.101155    75.3273
 0.0928425   0.993223 -0.0699108   -13.3219
-0.0944898  0.0786862   0.992411   -205.735
         0          0          0          1

<-Total transform 159->iterations: 1, Init error: 34.3142, SBA error34.3142#
  0.991799 -0.0766781   0.102253    74.8518
 0.0842318   0.993862 -0.0717203   -13.7905
 -0.096126   0.079745    0.99217   -205.877
         0          0          0          1

<-Total transform 164->iterations: 18, Init error: 94.8635, SBA error2.0919#
 0.992635 -0.059054  0.105773   74.3827
0.0660673  0.995756 -0.064075   7.53029
 -0.10154 0.0705912  0.992324  -217.466
        0         0         0         1

<-Total transform 169->iterations: 9, Init error: 16.712, SBA error3.46424#
  0.992552 -0.0539286   0.109238    70.2033
 0.0600152   0.996778 -0.0532175    12.7602
 -0.106016   0.059377    0.99259   -237.625
         0          0          0          1

<-Total transform 174->iterations: 3, Init error: 9.67178, SBA error8.28867#
  0.990363 -0.0665403   0.121467     69.968
 0.0739467   0.995602 -0.0575171     15.272
 -0.117105  0.0659448   0.990928   -243.652
         0          0          0          1

<-Total transform 179->iterations: 3, Init error: 22.8736, SBA error20.462#
  0.988241  -0.081588   0.129317    71.6792
 0.0905467    0.99377 -0.0649745    18.6275
  -0.12321  0.0759197   0.989472   -243.762
         0          0          0          1

<-Total transform 184->iterations: 2, Init error: 9.16715, SBA error4.20316#
   0.98676 -0.0816999   0.140104    74.2741
 0.0917191   0.993555 -0.0666033    19.9022
  -0.13376  0.0785717   0.987894   -252.315
         0          0          0          1

<-Total transform 189->iterations: 3, Init error: 16.9768, SBA error9.53684#
  0.985703 -0.0809135   0.147791     70.858
 0.0926441   0.992924 -0.0742849    21.4739
 -0.140735  0.0869148   0.986225    -264.03
         0          0          0          1

<-Total transform 194->iterations: 3, Init error: 16.8048, SBA error5.91776#
  0.984386  -0.078964   0.157321    74.3215
 0.0935606   0.991749 -0.0876383    20.2085
 -0.149102   0.100989   0.983651   -274.937
         0          0          0          1

<-Total transform 199->iterations: 3, Init error: 12.0848, SBA error3.92898#
  0.982549 -0.0763509   0.169614    74.7434
  0.092482     0.9917 -0.0893253    18.1423
 -0.161386   0.103453   0.981454   -285.169
         0          0          0          1

<-Total transform 204->iterations: 2, Init error: 28.2568, SBA error19.5979#
  0.980494 -0.0846458   0.177386    74.9863
  0.102592   0.990219 -0.0945564    22.8327
 -0.167647    0.11091   0.979588   -292.652
         0          0          0          1

<-Total transform 209->iterations: 4, Init error: 6.87757, SBA error3.46857#
  0.980494 -0.0846458   0.177386    74.9863
  0.102592   0.990219 -0.0945564    22.8327
 -0.167647    0.11091   0.979588   -292.652
         0          0          0          1

<-Total transform 214->iterations: 3, Init error: 3.8031, SBA error2.78623#
  0.980494 -0.0846458   0.177386    74.9863
  0.102592   0.990219 -0.0945564    22.8327
 -0.167647    0.11091   0.979588   -292.652
         0          0          0          1

<-Total transform 219->iterations: 2, Init error: 31.3562, SBA error13.2578#
 0.977257 -0.095707  0.189232   76.6107
  0.11685  0.987699 -0.103908   30.1613
 -0.17696  0.123657  0.976419  -297.902
        0         0         0         1

<-Total transform 224->iterations: 3, Init error: 37.6004, SBA error3.34786#
  0.975613 -0.0967911   0.197006    82.3338
  0.120399   0.986433  -0.111597    36.1775
 -0.183532   0.132595    0.97403   -309.528
         0          0          0          1

