<-Total transform 4->iterations: 3, Init error: 17.8106, SBA error15.2791#
    0.99996 -0.00786695 -0.00430064    -10.6928
 0.00783608    0.999944 -0.00714707     12.1731
 0.00435662  0.00711308    0.999965    -13.2187
          0           0           0           1

<-Total transform 9->iterations: 22, Init error: 11.3996, SBA error9.56078#
   0.999967  -0.0080938  -0.0010159    -11.8032
 0.00808457    0.999929 -0.00878474     12.5225
 0.00108693  0.00877623    0.999961    -3.24966
          0           0           0           1

<-Total transform 14->iterations: 2, Init error: 47.2712, SBA error46.914#
  0.999901 -0.0028232  0.0137646   -7.87736
0.00303512   0.999877 -0.0154001    -1.5435
-0.0137194  0.0154404   0.999787   -6.92673
         0          0          0          1

<-Total transform 19->iterations: 33, Init error: 42.6259, SBA error28.9744#
     0.99983  0.000807006    0.0184213     -6.66098
-0.000433688     0.999795   -0.0202606     -2.09613
  -0.0184339    0.0202491     0.999625     -21.5014
           0            0            0            1

<-Total transform 24->iterations: 2, Init error: 60.5321, SBA error51.4649#
    0.999293 -0.000923305    0.0375831      21.5117
  0.00115937      0.99998  -0.00625975     -2.53804
  -0.0375766   0.00629889     0.999274     -19.5768
           0            0            0            1

<-Total transform 29->iterations: 1, Init error: 36.0369, SBA error36.0369#
    0.99845  -0.0267754   0.0487861     21.3524
  0.0264912    0.999628  0.00646315     -2.2124
  -0.048941 -0.00516073    0.998788    -19.7896
          0           0           0           1

<-Total transform 34->iterations: 6, Init error: 1062.94, SBA error581.845#
   0.997391  -0.0431811   0.0578534     50.6392
  0.0430319    0.999066  0.00382275   -0.973359
 -0.0579645 -0.00132323    0.998318     5.61323
          0           0           0           1

<-Total transform 39->iterations: 2, Init error: 616.649, SBA error310.439#
  0.996831  -0.052033  0.0601672    59.0087
 0.0520304   0.998644 0.00161111    11.9697
-0.0601695 0.00152452   0.998187    32.0624
         0          0          0          1

<-Total transform 44->iterations: 24, Init error: 80.8198, SBA error80.7921#
   0.99696   -0.05187  0.0581475    59.6192
 0.0512704   0.998616   0.011757     12.284
-0.0586769   -0.00874   0.998239    32.0802
         0          0          0          1

<-Total transform 49->iterations: 73, Init error: 102.084, SBA error90.4789#
  0.997648 -0.0462433  0.0506044    67.8901
 0.0456717    0.99888  0.0123946    9.26479
-0.0511209 -0.0100542   0.998642    40.6153
         0          0          0          1

<-Total transform 54->iterations: 18, Init error: 65.4222, SBA error65.3978#
  0.997608 -0.0498535  0.0478935    68.1114
 0.0491351   0.998663  0.0160623    9.65307
-0.0486302 -0.0136707   0.998723    40.7682
         0          0          0          1

<-Total transform 59->iterations: 35, Init error: 92.0692, SBA error85.244#
  0.997433 -0.0472656  0.0537828      88.66
 0.0459889   0.998636  0.0247326    7.34325
-0.0548784 -0.0221957   0.998246    38.0919
         0          0          0          1

<-Total transform 64->iterations: 8, Init error: 66.2086, SBA error48.8919#
  0.997352 -0.0480412  0.0545974    84.2724
 0.0470575   0.998708  0.0191619    7.97715
-0.0554475 -0.0165419   0.998325    24.1468
         0          0          0          1

<-Total transform 69->iterations: 2, Init error: 69.9372, SBA error68.581#
    0.996482   -0.0538702    0.0642075      76.9805
   0.0540239     0.998539 -0.000659555      13.1619
  -0.0640782   0.00412598     0.997936      4.37049
           0            0            0            1

<-Total transform 74->iterations: 14, Init error: 56.3493, SBA error48.4023#
  0.994529 -0.0689887  0.0784324    68.5807
 0.0701496   0.997463 -0.0121405    14.7306
-0.0773958   0.017576   0.996846    -7.6818
         0          0          0          1

<-Total transform 79->iterations: 7, Init error: 61.2297, SBA error49.3671#
  0.994247 -0.0778184  0.0736057    59.8237
  0.078631    0.99687  -0.008203    15.1617
-0.0727369  0.0139435   0.997254   -18.4039
         0          0          0          1

<-Total transform 84->iterations: 4, Init error: 59.4741, SBA error44.3712#
   0.990592   -0.089822    0.103243     78.7027
  0.0907091     0.99587 -0.00391925     17.1737
  -0.102464   0.0132474    0.994648    -9.80097
          0           0           0           1

<-Total transform 89->iterations: 9, Init error: 9.40252, SBA error8.40213#
     0.988359    -0.0974465      0.116834       80.7004
     0.098129      0.995174 -9.03095e-005       17.8082
    -0.116262     0.0115541      0.993151      -13.9672
            0             0             0             1

<-Total transform 94->iterations: 4, Init error: 56.3942, SBA error46.5969#
  0.987288 -0.0983577   0.124849     67.648
 0.0998886    0.99498 -0.0060461    18.4131
 -0.123627  0.0184402   0.992157   -47.9923
         0          0          0          1

<-Total transform 99->iterations: 4, Init error: 24.4926, SBA error21.2469#
  0.987399 -0.0978745   0.124357    66.7369
  0.100322   0.994863 -0.0135551    17.9868
 -0.122392  0.0258601   0.992145   -46.2487
         0          0          0          1

<-Total transform 104->iterations: 4, Init error: 25.8707, SBA error11.7743#
  0.984521  -0.101686   0.142755    81.2203
  0.105393   0.994256 -0.0186329    19.4012
  -0.14004  0.0333899   0.989583   -55.5634
         0          0          0          1

<-Total transform 109->iterations: 38, Init error: 10.6681, SBA error5.41212#
  0.982712 -0.0983028   0.156888    91.5154
  0.101675   0.994725 -0.0135938    13.3883
 -0.154724  0.0293103   0.987523   -82.9489
         0          0          0          1

<-Total transform 114->iterations: 14, Init error: 64.6027, SBA error17.6384#
  0.982479 -0.0945528    0.16061    99.7712
  0.101918   0.994058 -0.0382392   -16.0417
  -0.15604  0.0539383   0.986277   -146.601
         0          0          0          1

<-Total transform 119->iterations: 6, Init error: 11.9157, SBA error9.76813#
  0.982479 -0.0945528    0.16061    99.7712
  0.101918   0.994058 -0.0382392   -16.0417
  -0.15604  0.0539383   0.986277   -146.601
         0          0          0          1

<-Total transform 124->iterations: 6, Init error: 42.6321, SBA error32.5144#
  0.982479 -0.0945528    0.16061    99.7712
  0.101918   0.994058 -0.0382392   -16.0417
  -0.15604  0.0539383   0.986277   -146.601
         0          0          0          1

<-Total transform 129->iterations: 2, Init error: 88.4264, SBA error64.1373#
  0.982769  -0.104565   0.152417    85.6863
  0.112618   0.992611 -0.0451738   -10.1335
 -0.146567  0.0615603   0.987283   -151.178
         0          0          0          1

<-Total transform 134->iterations: 2, Init error: 32.945, SBA error24.9149#
 0.983581 -0.112586  0.141041   80.4893
 0.123166  0.990009 -0.068648   -4.8661
-0.131903 0.0848924  0.987621  -167.579
        0         0         0         1

<-Total transform 139->iterations: 1, Init error: 73.1372, SBA error73.1372#
  0.985944  -0.106268   0.128923    82.4136
   0.11717   0.989874 -0.0801312   -3.69962
 -0.119102  0.0941108   0.988412   -166.671
         0          0          0          1

<-Total transform 144->iterations: 1, Init error: 84.4515, SBA error84.4515#
  0.987794 -0.0981848   0.120928    83.6024
  0.106998   0.991885 -0.0686637   -6.54414
 -0.113205  0.0807646   0.990284    -165.99
         0          0          0          1

<-Total transform 149->iterations: 1, Init error: 43.6239, SBA error43.6239#
  0.989532 -0.0890425   0.113567    84.6528
 0.0963085   0.993531 -0.0601748   -8.97223
 -0.107474  0.0704824   0.991706   -165.343
         0          0          0          1

<-Total transform 154->iterations: 1, Init error: 45.5236, SBA error45.5236#
  0.990533 -0.0894513   0.104129    86.2166
 0.0960972   0.993522  -0.060652   -8.91986
-0.0980295  0.0700843   0.992713   -164.536
         0          0          0          1

<-Total transform 159->iterations: 19, Init error: 35.0066, SBA error2.78546#
  0.991111 -0.0861464   0.101383    87.7711
 0.0924085   0.993985 -0.0587752    7.30854
-0.0957102  0.0676214    0.99311    -171.82
         0          0          0          1

<-Total transform 164->iterations: 19, Init error: 95.2426, SBA error2.33447#
  0.992246 -0.0686465   0.103616    87.7841
 0.0750229   0.995438 -0.0589461    30.2023
 -0.099097  0.0662626   0.992869   -181.042
         0          0          0          1

<-Total transform 169->iterations: 16, Init error: 18.6656, SBA error2.94884#
  0.992425 -0.0585587   0.108002    84.8769
 0.0635503   0.997036 -0.0433671    33.0135
 -0.105142  0.0499022   0.993204   -207.337
         0          0          0          1

<-Total transform 174->iterations: 3, Init error: 9.47919, SBA error7.80556#
   0.99157 -0.0623536   0.113582    86.3883
 0.0680433   0.996578 -0.0469214    34.2487
 -0.110268  0.0542544    0.99242   -212.852
         0          0          0          1

<-Total transform 179->iterations: 3, Init error: 23.1935, SBA error20.8908#
  0.988911 -0.0813706   0.124233    87.2641
 0.0887865   0.994511 -0.0553638    38.1876
 -0.119046  0.0657801   0.990707   -213.076
         0          0          0          1

<-Total transform 184->iterations: 2, Init error: 9.30297, SBA error5.04363#
  0.986877  -0.087606   0.135646    89.9917
 0.0960487   0.993744 -0.0569892    45.1929
 -0.129804  0.0692699   0.989117   -222.614
         0          0          0          1

<-Total transform 189->iterations: 3, Init error: 17.035, SBA error4.78547#
  0.985601 -0.0834134   0.147081    86.8122
 0.0933505   0.993701  -0.061995    42.0402
 -0.140984  0.0748325    0.98718   -234.595
         0          0          0          1

<-Total transform 194->iterations: 4, Init error: 16.8713, SBA error7.14848#
   0.98468 -0.0861851    0.15158    89.1824
 0.0980375   0.992536 -0.0725276    45.6652
 -0.144198  0.0862771    0.98578   -240.995
         0          0          0          1

<-Total transform 199->iterations: 4, Init error: 12.1244, SBA error2.76154#
   0.98287 -0.0818276   0.165139    91.5781
 0.0957602   0.992325 -0.0782382    43.8724
  -0.15747  0.0927117   0.983162   -253.706
         0          0          0          1

<-Total transform 204->iterations: 2, Init error: 28.3492, SBA error15.0535#
  0.981163 -0.0833947   0.174254    91.3612
 0.0990073   0.991627  -0.082901    45.8986
 -0.165882  0.0985919   0.981205   -261.844
         0          0          0          1

<-Total transform 209->iterations: 4, Init error: 6.87019, SBA error3.06886#
  0.981163 -0.0833947   0.174254    91.3612
 0.0990073   0.991627  -0.082901    45.8986
 -0.165882  0.0985919   0.981205   -261.844
         0          0          0          1

<-Total transform 214->iterations: 3, Init error: 3.7611, SBA error2.77338#
  0.981163 -0.0833947   0.174254    91.3612
 0.0990073   0.991627  -0.082901    45.8986
 -0.165882  0.0985919   0.981205   -261.844
         0          0          0          1

<-Total transform 219->iterations: 2, Init error: 31.1434, SBA error12.3001#
  0.977489  -0.091757   0.189989    91.6793
  0.111021   0.989424 -0.0933484    52.4023
 -0.179415    0.11234   0.977338   -268.702
         0          0          0          1

<-Total transform 224->iterations: 2, Init error: 37.7021, SBA error24.2263#
  0.975616 -0.0969028   0.196933    96.2153
  0.119577   0.987076   -0.10669    65.9223
 -0.184049   0.127637   0.974595   -277.667
         0          0          0          1

