<-One step transform 3->iterations: 2, Init error: 8.40549, SBA error7.18853#
   0.999999 -0.00054806  0.00147712    0.865959
0.000550215    0.999999 -0.00145918     1.39865
-0.00147632  0.00145999    0.999998    -3.30517
          0           0           0           1

<-One step transform 5->iterations: 18, Init error: 7.78399, SBA error5.83991#
           1  0.000651604  0.000606753      1.23518
-0.000651472            1 -0.000219122      -1.8057
-0.000606895  0.000218726            1     -6.18501
           0            0            0            1

<-One step transform 7->iterations: 2, Init error: 9.94371, SBA error6.9958#
            1 -5.05495e-005   0.000698976       3.12441
 5.03973e-005             1   0.000217794      0.318701
 -0.000698987  -0.000217758             1      -3.70698
            0             0             0             1

<-One step transform 9->iterations: 22, Init error: 8.54557, SBA error6.62226#
    0.999998  0.000248034   0.00209863      4.47599
-0.000244877     0.999999  -0.00150436     -1.21022
   -0.002099   0.00150384     0.999997     -7.23267
           0            0            0            1

<-One step transform 11->iterations: 4, Init error: 11.9308, SBA error8.01463#
    0.999979  0.000226432   0.00642166       8.4233
 -0.00022375            1 -0.000418419     -1.08649
 -0.00642175  0.000416973     0.999979     -17.4014
           0            0            0            1

<-One step transform 13->iterations: 2, Init error: 9.30626, SBA error6.71564#
     0.999997 -8.80841e-005    0.00236793       3.71517
 8.77314e-005             1    0.00014906      0.419775
  -0.00236794  -0.000148852      0.999997      -10.8316
            0             0             0             1

<-One step transform 15->iterations: 26, Init error: 11.0368, SBA error5.53946#
    0.999991   0.00126693   0.00414759       11.275
  -0.0012656     0.999999 -0.000324939     -13.4001
 -0.00414799  0.000319687     0.999991     -42.2132
           0            0            0            1

<-One step transform 17->iterations: 11, Init error: 20.3386, SBA error9.39881#
    0.999985  0.000803393   0.00537588      16.1544
-0.000807673     0.999999  0.000793992     -19.1996
 -0.00537524 -0.000798322     0.999985      -64.585
           0            0            0            1

<-One step transform 19->iterations: 2, Init error: 90.8033, SBA error76.6476#
    0.999989  -0.00169722   0.00427592      5.01098
  0.00169639     0.999999  0.000198908      6.88368
 -0.00427625 -0.000191652     0.999991     -21.9641
           0            0            0            1

<-One step transform 21->iterations: 2, Init error: 14.9277, SBA error14.1673#
    0.99999 -0.00131403  0.00435643     7.93986
 0.00132107    0.999998 -0.00161322     7.38118
 -0.0043543  0.00161896    0.999989    -26.3958
          0           0           0           1

<-One step transform 23->iterations: 5, Init error: 13.8101, SBA error7.26329#
    0.999996  0.000514404   0.00284137      8.21893
-0.000512091            1 -0.000814452     -7.83452
 -0.00284179  0.000812994     0.999996       -40.05
           0            0            0            1

<-One step transform 25->iterations: 5, Init error: 21.1625, SBA error4.85636#
    0.999995  0.000741074   0.00313396      18.7628
-0.000737736     0.999999  -0.00106635     -14.3815
 -0.00313475   0.00106404     0.999995     -30.9138
           0            0            0            1

<-One step transform 27->iterations: 4, Init error: 23.673, SBA error11.786#
    0.999987  0.000877826   0.00495768      14.1051
-0.000867371     0.999997  -0.00211068       -18.68
 -0.00495952   0.00210635     0.999985     -40.9471
           0            0            0            1

<-One step transform 29->iterations: 5, Init error: 8.16764, SBA error6.06127#
   0.999985 -0.00131161  0.00535939     1.88144
 0.00131941    0.999998 -0.00145125     1.09079
-0.00535748  0.00145829    0.999985    -10.0836
          0           0           0           1

<-One step transform 31->iterations: 2, Init error: 11.3061, SBA error11.2029#
    0.999953 -0.000361791    0.0097085    -0.746562
 0.000374084     0.999999  -0.00126441      2.26122
 -0.00970803   0.00126799     0.999952     -17.9542
           0            0            0            1

<-One step transform 33->iterations: 4, Init error: 367.791, SBA error139.977#
   0.999969 -0.00146867   0.0077038     4.54113
 0.00147998    0.999998 -0.00146166     2.05641
-0.00770164  0.00147302    0.999969     20.6005
          0           0           0           1

<-One step transform 35->iterations: 5, Init error: 7.80415, SBA error6.2154#
   0.999946 -0.00399326  0.00958871     -2.7857
 0.00400343    0.999991  -0.0010417    0.758509
-0.00958447  0.00108003    0.999953    -1.61272
          0           0           0           1

<-One step transform 37->iterations: 2, Init error: 7.71777, SBA error7.52493#
   0.999978 -0.00107327  0.00655124   -0.634422
  0.0010688    0.999999 0.000684727      0.8665
-0.00655197 -0.00067771    0.999978    -2.39725
          0           0           0           1

<-One step transform 39->iterations: 3, Init error: 7.16821, SBA error6.85843#
    0.999978 -0.000368019   0.00661189     0.478547
 0.000372608            1  -0.00069282     0.433234
 -0.00661163  0.000695268     0.999978     -4.96794
           0            0            0            1

<-One step transform 41->iterations: 2, Init error: 11.2762, SBA error8.79203#
   0.999974 -0.00206961  0.00697606    -3.51531
 0.00208176    0.999996 -0.00173407     1.05021
-0.00697244  0.00174854    0.999974     2.40003
          0           0           0           1

<-One step transform 43->iterations: 10, Init error: 12.0902, SBA error8.52319#
   0.999967 -0.00169902  0.00792842    -5.40407
 0.00170918    0.999998  -0.0012744    0.929232
-0.00792624  0.00128791    0.999968     3.81005
          0           0           0           1

<-One step transform 45->iterations: 2, Init error: 11.1476, SBA error9.92912#
   0.999966 -0.00122595   0.0081322    -4.34585
 0.00123769    0.999998  -0.0014394    0.894537
-0.00813042  0.00144942    0.999966    -12.3211
          0           0           0           1

<-One step transform 47->iterations: 21, Init error: 9.84632, SBA error7.16677#
   0.999976 -0.00132902  0.00672903    -3.83117
 0.00133798    0.999998 -0.00132785    0.975955
-0.00672725  0.00133682    0.999976   -0.125866
          0           0           0           1

<-One step transform 49->iterations: 2, Init error: 14.2579, SBA error12.7748#
   0.999979 -0.00185195  0.00615912     -4.9831
 0.00186357    0.999996 -0.00188158     5.61235
-0.00615561  0.00189302    0.999979    -7.26719
          0           0           0           1

<-One step transform 51->iterations: 2, Init error: 18.9634, SBA error16.2808#
   0.999955 -0.00159126  0.00937259    -5.99129
 0.00162124    0.999994 -0.00319197      1.1938
-0.00936745  0.00320703    0.999951    -1.40963
          0           0           0           1

<-One step transform 53->iterations: 2, Init error: 12.8437, SBA error11.8546#
     0.999994    -0.0024088    0.00237558      -4.29247
     0.002409      0.999997 -8.21721e-005     -0.708927
  -0.00237537  8.78944e-005      0.999997      0.328658
            0             0             0             1

<-One step transform 55->iterations: 37, Init error: 11.8331, SBA error9.47472#
     0.999995   -0.00141393    0.00281913      -2.89569
   0.00141406      0.999999 -4.61938e-005      0.073788
  -0.00281906    5.018e-005      0.999996      -3.01227
            0             0             0             1

<-One step transform 57->iterations: 6, Init error: 23.6698, SBA error8.65544#
   0.999996  0.00240551  0.00176766    -4.10134
-0.00240116    0.999994 -0.00246222     4.79186
-0.00177358  0.00245797    0.999995     2.86881
          0           0           0           1

<-One step transform 59->iterations: 20, Init error: 9.4247, SBA error6.64329#
   0.999991   0.0020605  0.00363226    -1.38604
-0.00205545    0.999997 -0.00139536    -3.18174
-0.00363512  0.00138788    0.999992    -51.4967
          0           0           0           1

<-One step transform 61->iterations: 2, Init error: 10.3565, SBA error9.52105#
     0.999992 -5.39761e-005    0.00398992      -2.65504
 5.22593e-005             1   0.000430371    0.00378892
  -0.00398994  -0.000430159      0.999992      -14.0479
            0             0             0             1

<-One step transform 63->iterations: 16, Init error: 12.0915, SBA error11.8895#
    0.999995   0.00142845   0.00263899     0.115946
  -0.0014265     0.999999 -0.000739269    -0.149791
 -0.00264004  0.000735501     0.999996     -17.4725
           0            0            0            1

<-One step transform 65->iterations: 13, Init error: 13.9208, SBA error10.9417#
    0.999996   0.00136006   0.00252767     -5.58622
 -0.00135935     0.999999 -0.000283498    -0.786501
 -0.00252805  0.000280061     0.999997     -13.1263
           0            0            0            1

<-One step transform 67->iterations: 9, Init error: 28.9621, SBA error23.7483#
            1 -1.46481e-005   0.000235509      -9.00564
 1.46237e-005             1    0.00010346    -0.0175115
 -0.000235511  -0.000103457             1      -19.6122
            0             0             0             1

<-One step transform 69->iterations: 40, Init error: 22.6787, SBA error13.2898#
     0.999996    0.00125313    0.00266925      -11.6014
  -0.00125293      0.999999 -7.45419e-005        4.4132
  -0.00266934  7.11972e-005      0.999996       7.69382
            0             0             0             1

<-One step transform 71->iterations: 20, Init error: 18.4849, SBA error13.9914#
    0.999994  0.000114769   0.00333084      -9.9869
-0.000114071            1  -0.00020978     0.129865
 -0.00333087  0.000209399     0.999994      1.82097
           0            0            0            1

<-One step transform 73->iterations: 9, Init error: 11.8832, SBA error8.66446#
    0.999993 -0.000387979   0.00373085     -6.97474
 0.000389064            1 -0.000290119    0.0496901
 -0.00373074  0.000291568     0.999993      3.09389
           0            0            0            1

<-One step transform 75->iterations: 28, Init error: 9.23047, SBA error8.1937#
     0.999995  2.90953e-005    0.00327473      -1.18405
-2.82258e-005             1  -0.000265585   0.000205611
  -0.00327474   0.000265491      0.999995      -2.42617
            0             0             0             1

<-One step transform 77->iterations: 2, Init error: 9.04105, SBA error7.81249#
           1 -0.000544863   0.00053017     -1.84662
 0.000544641            1  0.000419296      0.44645
-0.000530398 -0.000419008            1       2.0502
           0            0            0            1

<-One step transform 79->iterations: 5, Init error: 8.89577, SBA error5.07189#
   0.999997   0.0022139 0.000558495     8.29398
-0.00221326    0.999997 -0.00113267     -9.5993
  -0.000561  0.00113143    0.999999    -4.95591
          0           0           0           1

<-One step transform 81->iterations: 22, Init error: 13.3283, SBA error6.70806#
    0.999999   0.00149968  0.000526547      2.89157
 -0.00149924     0.999999 -0.000825643     -12.9752
-0.000527785  0.000824852            1     -26.2735
           0            0            0            1

<-One step transform 83->iterations: 14, Init error: 9.0035, SBA error7.452#
           1  -0.00012657  0.000226643      -2.7152
 0.000126609            1 -0.000171726     0.221783
-0.000226621  0.000171754            1     -9.62199
           0            0            0            1

<-One step transform 85->iterations: 25, Init error: 7.92213, SBA error7.7587#
    0.999999 -0.000188909   0.00161946      1.91858
 0.000189947            1 -0.000640688    0.0652677
 -0.00161934  0.000640995     0.999998      1.55871
           0            0            0            1

<-One step transform 87->iterations: 23, Init error: 7.06152, SBA error6.63947#
    0.999996  0.000712336   0.00274954      2.71934
-0.000709386     0.999999  -0.00107379      -0.6076
  -0.0027503   0.00107184     0.999996     -9.59228
           0            0            0            1

<-One step transform 89->iterations: 11, Init error: 10.435, SBA error9.14535#
    0.999999 -0.000515461    0.0010346     0.449275
 0.000516107            1 -0.000623925    0.0619024
 -0.00103428  0.000624459     0.999999       -10.32
           0            0            0            1

<-One step transform 91->iterations: 31, Init error: 15.3411, SBA error13.9298#
           1 -0.000435306   0.00039298     -3.43139
  0.00043561            1 -0.000772408    0.0351037
-0.000392644  0.000772579            1     -4.23404
           0            0            0            1

<-One step transform 93->iterations: 2, Init error: 22.3419, SBA error19.2813#
    0.999998  0.000214616     0.001901      2.60074
-0.000210472     0.999998  -0.00218002     -2.06113
 -0.00190146   0.00217962     0.999996     -16.4033
           0            0            0            1

<-One step transform 95->iterations: 4, Init error: 8.84966, SBA error6.90782#
    0.999998 -0.000190822   0.00197194     -4.77114
 0.000195434     0.999997  -0.00233849     0.105056
 -0.00197149   0.00233887     0.999995     -6.33947
           0            0            0            1

<-One step transform 97->iterations: 3, Init error: 15.8163, SBA error14.7939#
           1 -0.000796534  0.000204311     -1.88805
  0.00079659            1 -0.000278023      5.45515
-0.000204089  0.000278185            1      2.53317
           0            0            0            1

<-One step transform 99->iterations: 1, Init error: 7.26461, SBA error7.26461#
    0.999999  0.000420924   0.00101255            0
-0.000418599     0.999997  -0.00229461            0
 -0.00101351   0.00229419     0.999997            0
           0            0            0            1

<-One step transform 101->iterations: 26, Init error: 9.48689, SBA error7.5693#
    0.999997  0.000487691  -0.00246788      10.5589
-0.000485253     0.999999  0.000988447     -1.38564
  0.00246836 -0.000987247     0.999996        -11.4
           0            0            0            1

<-One step transform 103->iterations: 3, Init error: 7.47547, SBA error7.01171#
    0.999992   0.00105302   0.00387215     0.895757
 -0.00105376     0.999999  0.000187887    -0.152479
 -0.00387195 -0.000191966     0.999992     -3.75763
           0            0            0            1

<-One step transform 105->iterations: 4, Init error: 40.9764, SBA error29.9608#
   0.999989 -0.00364872  0.00289794     7.54276
  0.0036423    0.999991  0.00221864     3.92704
  -0.002906 -0.00220806    0.999993   -0.665305
          0           0           0           1

<-One step transform 107->iterations: 1, Init error: 39.1005, SBA error39.1005#
    0.999998 -0.000326655   0.00212562            0
 0.000324017     0.999999   0.00124122            0
 -0.00212602  -0.00124053     0.999997            0
           0            0            0            1

<-One step transform 109->iterations: 1, Init error: 31.542, SBA error31.542#
    0.999996  -0.00282231  0.000631639            0
  0.00282011      0.99999   0.00346263            0
-0.000641406  -0.00346083     0.999994            0
           0            0            0            1

<-One step transform 111->iterations: 4, Init error: 17.3683, SBA error10.905#
   0.999994   -0.003091 -0.00130398     7.18904
  0.0030963    0.999987  0.00408488       1.576
 0.00129133 -0.00408889    0.999991    -24.1964
          0           0           0           1

<-One step transform 113->iterations: 2, Init error: 25.0293, SBA error22.0203#
   0.999986 -0.00354531  0.00385168     1.19497
 0.00353481     0.99999  0.00272949     2.45298
-0.00386132 -0.00271584    0.999989    -4.33808
          0           0           0           1

<-One step transform 115->iterations: 2, Init error: 12.4473, SBA error8.10134#
     0.999998  -0.000385698    0.00205995       3.18994
  0.000385866             1 -8.13798e-005      0.210208
  -0.00205992  8.21745e-005      0.999998      -9.21379
            0             0             0             1

<-One step transform 117->iterations: 2, Init error: 10.6969, SBA error10.6568#
    0.999999 -0.000492482   0.00154486       2.2302
 0.000490718     0.999999   0.00114174      1.89965
 -0.00154542  -0.00114098     0.999998     -28.2776
           0            0            0            1

<-One step transform 119->iterations: 19, Init error: 17.7414, SBA error11.8516#
   0.999993 -0.00079535  0.00362876    -6.36744
0.000793243           1 0.000582012     2.20476
-0.00362922 -0.00057913    0.999993    -10.7867
          0           0           0           1

<-One step transform 121->iterations: 16, Init error: 20.9253, SBA error14.1956#
   0.999994 -0.00181925  0.00305508    -8.76611
  0.0018145    0.999997  0.00155749     4.92581
-0.00305791 -0.00155194    0.999994    -7.62078
          0           0           0           1

<-One step transform 123->iterations: 3, Init error: 20.8284, SBA error9.66061#
   0.999998 -0.00108724   0.0016347    -12.1856
 0.00108194    0.999994  0.00324312     1.45759
-0.00163822 -0.00324135    0.999993    -2.94588
          0           0           0           1

<-One step transform 125->iterations: 4, Init error: 9.42127, SBA error7.62533#
           1  0.000145886  0.000325464     -6.51903
-0.000146564     0.999998   0.00208214    -0.186278
 -0.00032516  -0.00208218     0.999998     -0.82372
           0            0            0            1

<-One step transform 127->iterations: 16, Init error: 12.8111, SBA error12.6331#
    0.999999   0.00107299  0.000550066      2.76513
 -0.00107354     0.999999  0.000988099  -0.00143297
-0.000549005 -0.000988689     0.999999     -2.67488
           0            0            0            1

<-One step transform 129->iterations: 9, Init error: 8.96035, SBA error8.86104#
   0.999994  0.00170497  -0.0028889     1.90407
-0.00169383    0.999991  0.00385415 -0.00444279
 0.00289544 -0.00384923    0.999988   -0.376211
          0           0           0           1

<-One step transform 131->iterations: 36, Init error: 15.696, SBA error13.9578#
    0.999999   0.00151151 -0.000535071      5.71439
 -0.00151078     0.999998   0.00137048    -0.105704
 0.000537141  -0.00136967     0.999999     -1.52619
           0            0            0            1

<-One step transform 133->iterations: 7, Init error: 13.1677, SBA error9.45231#
   0.999994  0.00279707 -0.00214673     4.46627
 -0.0027942    0.999995  0.00133599     3.50871
 0.00215046 -0.00132998    0.999997     22.1595
          0           0           0           1

<-One step transform 135->iterations: 27, Init error: 15.4225, SBA error12.6972#
     0.99999    0.0031573  -0.00331713       10.071
 -0.00315532     0.999995  0.000603105      3.41724
  0.00331901 -0.000592632     0.999994      11.0926
           0            0            0            1

<-One step transform 137->iterations: 6, Init error: 8.58911, SBA error4.69459#
   0.999995  0.00270611 -0.00182934     4.43382
-0.00270432    0.999996 0.000978153    -8.99748
 0.00183198  -0.0009732    0.999998    -25.0575
          0           0           0           1

<-One step transform 139->iterations: 23, Init error: 8.70747, SBA error8.27764#
    0.999999  0.000869935 -0.000519728      5.28797
-0.000870049            1 -0.000219782    -0.669448
 0.000519536  0.000220234            1     -7.01368
           0            0            0            1

<-One step transform 141->iterations: 5, Init error: 12.4599, SBA error5.24274#
    0.999998   0.00201238  0.000923837      15.5061
 -0.00201253     0.999998   0.00016166     -11.9374
 -0.00092351 -0.000163519            1     -29.2252
           0            0            0            1

<-One step transform 143->iterations: 2, Init error: 8.909, SBA error8.30888#
    0.999999   0.00142539  0.000806134       4.8267
  -0.0014265     0.999998   0.00138584    -0.999317
-0.000804157  -0.00138699     0.999999     -10.0653
           0            0            0            1

<-One step transform 145->iterations: 9, Init error: 18.4256, SBA error4.93087#
    0.999998   0.00157614  0.000757344    -0.606097
 -0.00157681     0.999998  0.000885975     -12.5302
-0.000755947 -0.000887168     0.999999     -12.9425
           0            0            0            1

<-One step transform 147->iterations: 3, Init error: 85.7815, SBA error51.0167#
    0.999989   0.00209281   0.00423476      2.17728
 -0.00209173     0.999998 -0.000259632     -25.3604
  -0.0042353  0.000250771     0.999991      39.5921
           0            0            0            1

<-One step transform 149->iterations: 20, Init error: 29.0987, SBA error12.5409#
    0.99999  0.00261505  0.00363477    -3.03617
-0.00260702    0.999994  -0.0022124     -6.8972
-0.00364053   0.0022029    0.999991     41.2717
          0           0           0           1

<-One step transform 151->iterations: 5, Init error: 72.3968, SBA error49.9819#
   0.999996  0.00263726  0.00140066     9.52448
-0.00263906    0.999996  0.00128665    -14.4068
-0.00139726 -0.00129035    0.999998     26.2121
          0           0           0           1

<-One step transform 153->iterations: 9, Init error: 13.9126, SBA error4.61006#
   0.999977  0.00509918  0.00453885     1.37721
-0.00508979    0.999985  -0.0020782     -6.7802
-0.00454938  0.00205505    0.999988    -10.6426
          0           0           0           1

<-One step transform 155->iterations: 3, Init error: 11.9982, SBA error10.7069#
            1  7.15563e-005   0.000877381       -2.7222
-7.02616e-005      0.999999   -0.00147562      0.200116
 -0.000877486    0.00147556      0.999999     -0.395231
            0             0             0             1

<-One step transform 157->iterations: 28, Init error: 23.2133, SBA error20.04#
           1 -0.000258359  0.000518196     -1.69646
 0.000258985     0.999999  -0.00120909   -0.0478189
-0.000517883   0.00120922     0.999999     -4.54084
           0            0            0            1

<-One step transform 159->iterations: 25, Init error: 22.6609, SBA error13.6534#
    0.999999 -0.000909271  0.000972591     -7.59622
  0.00091112     0.999998  -0.00190211      2.60677
 -0.00097086   0.00190299     0.999998      7.78808
           0            0            0            1

<-One step transform 161->iterations: 3, Init error: 13.8913, SBA error9.06581#
   0.999995 -0.00249222  0.00198224    -9.76489
 0.00249649    0.999995 -0.00215535    0.466773
-0.00197686  0.00216028    0.999996    -3.19557
          0           0           0           1

<-One step transform 163->iterations: 31, Init error: 9.88514, SBA error8.28098#
    0.999998  -0.00199147   0.00075943     -2.30285
  0.00199088     0.999998  0.000773642     0.123193
-0.000760969 -0.000772129     0.999999     0.216035
           0            0            0            1

<-One step transform 165->iterations: 3, Init error: 14.5724, SBA error10.0957#
   0.999995 -0.00233279   0.0020511    -9.40451
 0.00232912    0.999996  0.00178771     1.13875
-0.00205526 -0.00178292    0.999996    -4.47408
          0           0           0           1

<-One step transform 167->iterations: 2, Init error: 12.12, SBA error10.944#
     0.999994  -0.000620122    0.00330741       4.98945
  0.000620444             1 -9.62887e-005       2.13921
  -0.00330735  9.83402e-005      0.999995       1.20806
            0             0             0             1

<-One step transform 169->iterations: 2, Init error: 9.99007, SBA error9.89594#
    0.999988  -0.00201007   0.00435767      6.54133
    0.002006     0.999998  0.000937543      6.59262
 -0.00435954 -0.000928791      0.99999     -14.2945
           0            0            0            1

<-One step transform 171->iterations: 2, Init error: 25.1228, SBA error20.8564#
   0.999981 -0.00557711   0.0025732     12.4961
 0.00557215    0.999983  0.00193125     8.31176
-0.00258393 -0.00191687    0.999995    -14.7501
          0           0           0           1

<-One step transform 173->iterations: 2, Init error: 11.3016, SBA error11.0974#
    0.999987  -0.00373788   0.00332969      2.26996
  0.00373606     0.999993  0.000553206     0.861381
 -0.00333173 -0.000540759     0.999994     -8.58061
           0            0            0            1

<-One step transform 175->iterations: 2, Init error: 8.77531, SBA error8.42667#
    0.999998  -0.00176624   0.00129938      1.70925
  0.00176536     0.999998  0.000678911      1.56638
 -0.00130058 -0.000676616     0.999999     -9.82659
           0            0            0            1

<-One step transform 177->iterations: 3, Init error: 28.316, SBA error19.0411#
    0.999996  0.000561949    -0.002806     -7.91428
-0.000560625            1  0.000472635     -6.85679
  0.00280627  -0.00047106     0.999996       14.102
           0            0            0            1

<-One step transform 179->iterations: 40, Init error: 9.47213, SBA error6.15996#
    0.999993   0.00100332    0.0035291     0.336073
-0.000994202     0.999996  -0.00258348     -2.23332
 -0.00353168   0.00257995      0.99999     -2.33098
           0            0            0            1

<-One step transform 181->iterations: 2, Init error: 17.6126, SBA error16.0006#
    0.999941 -0.000950228    0.0107925     -6.58822
  0.00100763     0.999985  -0.00531434      2.48624
  -0.0107873    0.0053249     0.999928     0.932687
           0            0            0            1

<-One step transform 183->iterations: 2, Init error: 6.76605, SBA error6.1549#
    0.999986  -0.00449404   0.00271198      2.94757
  0.00449361      0.99999  0.000162393     0.829018
 -0.00271268 -0.000150204     0.999996     -4.09335
           0            0            0            1

<-One step transform 185->iterations: 2, Init error: 17.4769, SBA error16.589#
    0.999997  -0.00227542  0.000474688      3.20388
  0.00227497     0.999997  0.000941092      4.80504
-0.000476828  -0.00094001     0.999999     -11.3225
           0            0            0            1

<-One step transform 187->iterations: 3, Init error: 23.0592, SBA error12.5382#
   0.999973  0.00451023  0.00584625      13.571
-0.00448797    0.999983   -0.003816    -20.9342
-0.00586336  0.00378966    0.999976     -45.668
          0           0           0           1

<-One step transform 189->iterations: 7, Init error: 29.8174, SBA error6.72883#
    0.99996  0.00564643  0.00688124      16.823
-0.00561363    0.999973 -0.00477599    -2.11395
-0.00690802  0.00473717    0.999965    -56.1014
          0           0           0           1

<-One step transform 191->iterations: 2, Init error: 12.2579, SBA error11.4634#
   0.999994 -0.00198644 -0.00294955     5.01462
 0.00199094    0.999997   0.0015224    0.373129
 0.00294652 -0.00152827    0.999994    -16.0621
          0           0           0           1

<-One step transform 193->iterations: 1, Init error: 14.3717, SBA error14.3717#
     0.999997    0.00222108    0.00134549             0
  -0.00222116      0.999998  5.57206e-005             0
  -0.00134536 -5.87089e-005      0.999999             0
            0             0             0             1

<-One step transform 195->iterations: 6, Init error: 26.1744, SBA error20.0002#
   0.999977   0.0044556  0.00519795    0.720788
 -0.0044645    0.999989  0.00170281     6.42163
 -0.0051903 -0.00172597    0.999985    -17.7147
          0           0           0           1

<-One step transform 197->iterations: 32, Init error: 55.3756, SBA error36.4439#
   0.999995 0.000998776  0.00290775    -12.0794
-0.00100723    0.999995  0.00290778      7.4722
-0.00290483 -0.00291069    0.999992     33.0315
          0           0           0           1

<-One step transform 199->iterations: 14, Init error: 27.5721, SBA error24.046#
    0.99998 -0.00494907  0.00404898    -7.10803
 0.00495404    0.999987 -0.00121756    -1.61556
 -0.0040429  0.00123759    0.999991   -0.461745
          0           0           0           1

<-One step transform 201->iterations: 3, Init error: 33.6712, SBA error9.74839#
    0.999998  0.000719683     0.001694     -15.7595
-0.000723172     0.999998   0.00205985     -4.70682
 -0.00169252  -0.00206107     0.999996     -6.01576
           0            0            0            1

<-One step transform 203->iterations: 20, Init error: 42.4425, SBA error4.94443#
   0.999978  0.00653454  0.00104175    -14.2114
-0.00653852    0.999971  0.00386429    -6.24572
-0.00101646 -0.00387102    0.999992     -7.6132
          0           0           0           1

<-One step transform 205->iterations: 7, Init error: 59.7933, SBA error5.34351#
    0.999948   0.00873284   0.00523006     -11.4899
 -0.00872801     0.999961 -0.000946442      -19.098
 -0.00523812  0.000900745     0.999986      11.5677
           0            0            0            1

<-One step transform 207->iterations: 28, Init error: 48.8291, SBA error2.82263#
    0.99992   0.0053467     0.01144    -7.06061
-0.00525685    0.999955 -0.00786963    -24.8051
 -0.0114815  0.00780886    0.999904    -12.9624
          0           0           0           1

<-One step transform 209->iterations: 2, Init error: 37.2829, SBA error27.8257#
   0.999973 -0.00428999  0.00603051    -13.8112
 0.00434677    0.999946 -0.00943337     2.34732
-0.00598971  0.00945933    0.999937    -1.43138
          0           0           0           1

<-One step transform 211->iterations: 6, Init error: 32.9693, SBA error5.84412#
   0.999989  0.00192672   0.0042364    -11.3489
-0.00190735    0.999988 -0.00457152    -17.0489
-0.00424516  0.00456339    0.999981    -22.9972
          0           0           0           1

<-One step transform 213->iterations: 5, Init error: 24.2479, SBA error4.3043#
   0.999968  0.00342079  0.00729655    -10.1634
-0.00337869    0.999978 -0.00577529    -7.91043
-0.00731615  0.00575045    0.999957    -9.68754
          0           0           0           1

<-One step transform 215->iterations: 10, Init error: 25.9449, SBA error21.9926#
   0.999961 -0.00542744  0.00698027    -9.53994
  0.0054702    0.999966 -0.00612234    -1.74377
-0.00694681  0.00616028    0.999957    -4.47942
          0           0           0           1

<-One step transform 217->iterations: 26, Init error: 26.5037, SBA error26.2907#
   0.999933 -0.00679638  0.00937591      1.5251
 0.00680731    0.999976 -0.00113432   -0.248746
-0.00936798  0.00119807    0.999955    -4.53607
          0           0           0           1

<-One step transform 219->iterations: 35, Init error: 77.7299, SBA error74.9204#
   0.999936 -0.00606744  0.00953351    -1.93707
 0.00608772    0.999979 -0.00210001   -0.930288
-0.00952057  0.00215792    0.999952    -7.19846
          0           0           0           1

<-One step transform 221->iterations: 68, Init error: 135.406, SBA error130.868#
   0.999958 -0.00537806  0.00747492    -4.50306
 0.00542477    0.999966 -0.00624356    -1.34095
-0.00744109  0.00628385    0.999953    0.849373
          0           0           0           1

<-One step transform 223->iterations: 9, Init error: 12.4085, SBA error12.0729#
   0.999955 -0.00696819  0.00638553      2.1494
 0.00698324    0.999973 -0.00233731   0.0080952
-0.00636907   0.0023818    0.999977    -2.02036
          0           0           0           1

<-One step transform 225->iterations: 1, Init error: 23.3541, SBA error23.3541#
   0.999957 -0.00553194  0.00746404           0
 0.00554266    0.999984  -0.0014162           0
-0.00745608  0.00145751    0.999971           0
          0           0           0           1

<-One step transform 227->iterations: 2, Init error: 18.516, SBA error15.6473#
   0.999945 -0.00534637  0.00907261    -3.35643
 0.00536575    0.999983 -0.00211349     4.46618
-0.00906116  0.00216205    0.999957    -10.8227
          0           0           0           1

<-One step transform 229->iterations: 6, Init error: 16.2544, SBA error10.2624#
    0.999947  -0.00824914   0.00611104     -5.91556
  0.00825213     0.999966 -0.000464079     0.801583
   -0.006107  0.000514484     0.999981     -17.1788
           0            0            0            1

<-One step transform 231->iterations: 2, Init error: 10.9518, SBA error8.67979#
   0.999961 -0.00667328  0.00576737     3.88376
  0.0066851    0.999976 -0.00203268      2.0782
-0.00575367  0.00207116    0.999981    -13.4718
          0           0           0           1

<-One step transform 233->iterations: 2, Init error: 13.8318, SBA error11.8857#
   0.999989  -0.0038061  0.00261207     1.88267
 0.00381196     0.99999 -0.00224097     1.88811
-0.00260351   0.0022509    0.999994    -4.21766
          0           0           0           1

<-One step transform 235->iterations: 3, Init error: 8.86602, SBA error6.69935#
            1 -3.05556e-005  -0.000165079       1.68643
 3.05712e-005             1  9.50355e-005     0.0847498
  0.000165076 -9.50405e-005             1      -9.34995
            0             0             0             1

<-One step transform 237->iterations: 7, Init error: 12.782, SBA error5.69583#
    0.999993   0.00205909   0.00317797     -1.39827
  -0.0020561     0.999997 -0.000943553      4.60366
  -0.0031799  0.000937012     0.999995     -9.67694
           0            0            0            1

<-One step transform 239->iterations: 23, Init error: 14.9077, SBA error11.5942#
    0.999982  -0.00342226    0.0050215     -1.54493
  0.00345639     0.999971  -0.00680477 -0.000350677
 -0.00499807     0.006822     0.999964     -3.31244
           0            0            0            1

<-One step transform 241->iterations: 21, Init error: 20.6173, SBA error15.1407#
    0.999999  0.000405301   0.00104402     -7.26831
-0.000402658     0.999997  -0.00253087     0.170704
 -0.00104505   0.00253045     0.999996      4.83011
           0            0            0            1

<-One step transform 243->iterations: 33, Init error: 20.034, SBA error4.77064#
   0.999992  0.00237321  0.00330348    -7.77745
-0.00236246    0.999992 -0.00325442    -1.31993
-0.00331118  0.00324659    0.999989    -7.29185
          0           0           0           1

<-One step transform 245->iterations: 6, Init error: 8.62344, SBA error5.85691#
   0.999991  0.00332374  0.00274296      7.1597
-0.00331608    0.999991 -0.00279515    -9.38122
-0.00275222  0.00278603    0.999992    -16.0258
          0           0           0           1

<-One step transform 247->iterations: 16, Init error: 21.5217, SBA error10.4493#
   0.999993   0.0010833  0.00360709    -3.35626
-0.00109008    0.999998  0.00187786     -7.9726
-0.00360505 -0.00188178    0.999992    -23.4755
          0           0           0           1

<-One step transform 249->iterations: 23, Init error: 16.3162, SBA error10.5934#
   0.999992  0.00107995   0.0037994     7.46876
-0.00109206    0.999994  0.00318677    -5.37046
-0.00379594 -0.00319089    0.999988    -14.3663
          0           0           0           1

<-One step transform 251->iterations: 53, Init error: 18.3002, SBA error8.22637#
   0.999987  0.00422794  0.00289997    -5.88341
 -0.0042349    0.999988  0.00239787    -5.83256
 -0.0028898 -0.00241012    0.999993    -25.1714
          0           0           0           1

<-One step transform 253->iterations: 6, Init error: 25.8039, SBA error5.38703#
   0.999991   0.0018565  0.00370624    -7.13116
-0.00186035    0.999998  0.00103475    -13.7466
-0.00370431 -0.00104164    0.999993    -13.2681
          0           0           0           1

<-One step transform 255->iterations: 5, Init error: 12.0555, SBA error5.83443#
    0.999988   0.00020409   0.00485732     -3.14241
-0.000206529            1   0.00050151     -1.46598
 -0.00485721 -0.000502507     0.999988     -11.9592
           0            0            0            1

<-One step transform 257->iterations: 2, Init error: 10.5913, SBA error10.0478#
   0.999992 -0.00179072  0.00353685   -0.847338
 0.00178644    0.999998  0.00121283     3.34944
-0.00353901  -0.0012065    0.999993    -1.17088
          0           0           0           1

<-One step transform 259->iterations: 19, Init error: 12.5176, SBA error7.29702#
    0.999993  0.000536552   0.00362569       4.4615
 -0.00053539            1 -0.000321455     -6.25835
 -0.00362586  0.000319512     0.999993     -12.7116
           0            0            0            1

<-One step transform 261->iterations: 3, Init error: 8.49897, SBA error8.3832#
    0.99999  0.00116902  0.00424931     5.00811
-0.00116191    0.999998 -0.00167559   -0.087814
-0.00425126  0.00167063     0.99999    -2.34947
          0           0           0           1

<-One step transform 263->iterations: 3, Init error: 8.99484, SBA error7.14263#
     0.99999  -0.00139561   0.00425753   0.00650621
  0.00139658     0.999999 -0.000225972      1.76864
 -0.00425721  0.000231915     0.999991     -7.62159
           0            0            0            1

<-One step transform 265->iterations: 2, Init error: 8.81335, SBA error8.7359#
    0.999971  -0.00332429   0.00680137      1.92236
  0.00331946     0.999994  0.000721152    0.0453039
 -0.00680373 -0.000698554     0.999977     -2.18829
           0            0            0            1

<-One step transform 267->iterations: 39, Init error: 12.9735, SBA error12.2694#
   0.999952 -0.00398318  0.00896323     1.32451
 0.00399452    0.999991 -0.00124793   -0.104064
-0.00895819  0.00128367    0.999959    -3.21626
          0           0           0           1

<-One step transform 269->iterations: 22, Init error: 22.8816, SBA error20.9996#
      0.99999 -6.24354e-005    0.00453541      -0.68149
 7.09138e-005      0.999998   -0.00186924    -0.0263043
  -0.00453528    0.00186954      0.999988      -6.68467
            0             0             0             1

<-One step transform 271->iterations: 38, Init error: 43.9621, SBA error11.3584#
    0.999972   0.00180425   0.00721379     -9.48144
 -0.00179912     0.999998 -0.000716388      9.67309
 -0.00721507   0.00070339     0.999974      5.27391
           0            0            0            1

<-One step transform 273->iterations: 17, Init error: 46.9373, SBA error28.1273#
    0.999985 -0.000446002   0.00554605     -16.0022
  0.00043641     0.999998   0.00173047    -0.439365
 -0.00554682  -0.00172803     0.999983       3.1403
           0            0            0            1

<-One step transform 275->iterations: 7, Init error: 85.4104, SBA error66.421#
    0.999986  0.000768755   0.00517857     -23.5333
 -0.00077046            1  0.000327362      6.05365
 -0.00517832 -0.000331348     0.999987     -1.07035
           0            0            0            1

<-One step transform 277->iterations: 71, Init error: 148.422, SBA error13.4134#
   0.999957  0.00239597  0.00892736    -32.5144
-0.00237905    0.999995 -0.00190558     15.7562
-0.00893188  0.00188426    0.999958    -5.05811
          0           0           0           1

<-One step transform 279->iterations: 37, Init error: 75.7605, SBA error51.3493#
     0.99997 -0.000177815   0.00769405     -15.2884
 0.000164366     0.999998   0.00174864    -0.205719
 -0.00769435  -0.00174732     0.999969     -13.4415
           0            0            0            1

<-One step transform 281->iterations: 2, Init error: 101.214, SBA error95.5782#
     0.99999 -0.000665585    0.0043161     -11.5577
 0.000652934     0.999995   0.00293175     -5.36421
 -0.00431803  -0.00292891     0.999986     -7.16287
           0            0            0            1

<-One step transform 283->iterations: 11, Init error: 78.6437, SBA error40.438#
    0.99997  0.00140714  0.00764758    -22.8238
-0.00139472    0.999998 -0.00162927     8.27487
-0.00764986  0.00161855    0.999969    -22.2903
          0           0           0           1

