<-Total transform 4->iterations: 3, Init error: 17.8106, SBA error15.2791#
    0.99996 -0.00786695 -0.00430064    -10.6928
 0.00783608    0.999944 -0.00714707     12.1731
 0.00435662  0.00711308    0.999965    -13.2187
          0           0           0           1

<-Total transform 9->iterations: 26, Init error: 11.1912, SBA error9.31678#
   0.999967  -0.0080938  -0.0010159     -11.823
 0.00808457    0.999929 -0.00878474     12.5217
 0.00108693  0.00877623    0.999961    -2.74116
          0           0           0           1

<-Total transform 14->iterations: 2, Init error: 47.2712, SBA error46.914#
  0.999901 -0.0028232  0.0137646   -7.88968
0.00303512   0.999877 -0.0154001   -1.54762
-0.0137194  0.0154404   0.999787   -6.41801
         0          0          0          1

<-Total transform 19->iterations: 36, Init error: 43.2249, SBA error29.5425#
     0.99983  0.000807006    0.0184213     -6.37389
-0.000433688     0.999795   -0.0202606     -2.20151
  -0.0184339    0.0202491     0.999625     -20.8117
           0            0            0            1

<-Total transform 24->iterations: 2, Init error: 60.5321, SBA error51.4649#
    0.999293 -0.000923305    0.0375831      21.8122
  0.00115937      0.99998  -0.00625975     -2.63325
  -0.0375766   0.00629889     0.999274     -18.8914
           0            0            0            1

<-Total transform 29->iterations: 1, Init error: 36.5183, SBA error36.5183#
    0.99845  -0.0267754   0.0487861     21.6628
  0.0264912    0.999628  0.00646315    -2.29176
  -0.048941 -0.00516073    0.998788    -19.1066
          0           0           0           1

<-Total transform 34->iterations: 5, Init error: 125.178, SBA error105.801#
   0.997391  -0.0431811   0.0578534     27.6178
  0.0430319    0.999066  0.00382275   -0.158358
 -0.0579645 -0.00132323    0.998318    -20.5657
          0           0           0           1

<-Total transform 39->iterations: 2, Init error: 616.649, SBA error310.439#
  0.996831  -0.052033  0.0601672    35.9194
 0.0520304   0.998644 0.00161111     12.652
-0.0601695 0.00152452   0.998187    5.93959
         0          0          0          1

<-Total transform 44->iterations: 1, Init error: 77.3461, SBA error77.3461#
   0.99696   -0.05187  0.0581475    35.9094
 0.0512704   0.998616   0.011757    12.7066
-0.0586769   -0.00874   0.998239     5.8833
         0          0          0          1

<-Total transform 49->iterations: 92, Init error: 72.9142, SBA error71.2587#
  0.997648 -0.0462433  0.0506044     40.695
 0.0456717    0.99888  0.0123946    12.1248
-0.0511209 -0.0100542   0.998642    10.2153
         0          0          0          1

<-Total transform 54->iterations: 21, Init error: 64.3848, SBA error64.3615#
  0.997608 -0.0498535  0.0478935    40.9944
 0.0491351   0.998663  0.0160623    12.3077
-0.0486302 -0.0136707   0.998723    10.2865
         0          0          0          1

<-Total transform 59->iterations: 35, Init error: 92.0692, SBA error85.244#
  0.997433 -0.0472656  0.0537828    61.3723
 0.0459889   0.998636  0.0247326    9.80293
-0.0548784 -0.0221957   0.998246    7.74651
         0          0          0          1

<-Total transform 64->iterations: 8, Init error: 66.2086, SBA error48.8919#
  0.997352 -0.0480412  0.0545974    56.9575
 0.0470575   0.998708  0.0191619    10.5866
-0.0554475 -0.0165419   0.998325   -6.16156
         0          0          0          1

<-Total transform 69->iterations: 2, Init error: 69.9372, SBA error68.581#
    0.996482   -0.0538702    0.0642075      49.3573
   0.0540239     0.998539 -0.000659555      16.2216
  -0.0640782   0.00412598     0.997936     -25.6147
           0            0            0            1

<-Total transform 74->iterations: 14, Init error: 56.3493, SBA error48.4023#
  0.994529 -0.0689887  0.0784324    40.4895
 0.0701496   0.997463 -0.0121405    17.7393
-0.0773958   0.017576   0.996846   -37.2342
         0          0          0          1

<-Total transform 79->iterations: 7, Init error: 60.7354, SBA error48.6307#
  0.994247 -0.0778184  0.0736057    31.7262
  0.078631    0.99687  -0.008203    17.8151
-0.0727369  0.0139435   0.997254   -48.2132
         0          0          0          1

<-Total transform 84->iterations: 4, Init error: 59.4741, SBA error44.3712#
   0.990592   -0.089822    0.103243     49.7026
  0.0907091     0.99587 -0.00391925     19.3777
  -0.102464   0.0132474    0.994648    -38.7706
          0           0           0           1

<-Total transform 89->iterations: 9, Init error: 9.40252, SBA error8.40213#
     0.988359    -0.0974465      0.116834       51.2913
     0.098129      0.995174 -9.03095e-005       19.6976
    -0.116262     0.0115541      0.993151       -42.544
            0             0             0             1

<-Total transform 94->iterations: 4, Init error: 55.5788, SBA error46.0816#
  0.987288 -0.0983577   0.124849    37.9811
 0.0998886    0.99498 -0.0060461    20.4359
 -0.123627  0.0184402   0.992157   -76.2406
         0          0          0          1

<-Total transform 99->iterations: 3, Init error: 24.528, SBA error24.5144#
  0.985923  -0.100974   0.133269    36.7013
  0.103592   0.994537 -0.0128408    21.1072
 -0.131244  0.0264656   0.990997   -76.9447
         0          0          0          1

<-Total transform 104->iterations: 3, Init error: 16.8092, SBA error4.70931#
  0.983686  -0.100407   0.149265    54.0005
  0.103996   0.994442 -0.0164145    19.8388
 -0.146788  0.0316697   0.988661   -108.911
         0          0          0          1

<-Total transform 109->iterations: 21, Init error: 26.5621, SBA error23.1707#
  0.982898 -0.0967725   0.156671    62.9857
  0.101068   0.994685 -0.0196668    16.4131
 -0.153936  0.0351649   0.987455   -122.142
         0          0          0          1

<-Total transform 114->iterations: 5, Init error: 64.8684, SBA error25.0618#
  0.983285 -0.0931525   0.156436    64.1846
    0.1018   0.993637 -0.0481898   -19.0386
 -0.150952  0.0633095   0.986512   -137.275
         0          0          0          1

<-Total transform 119->iterations: 16, Init error: 11.7991, SBA error11.6092#
  0.983285 -0.0931525   0.156436    64.1846
    0.1018   0.993637 -0.0481898   -19.0386
 -0.150952  0.0633095   0.986512   -137.275
         0          0          0          1

<-Total transform 124->iterations: 3, Init error: 8.18581, SBA error4.14575#
  0.983285 -0.0931525   0.156436    64.1846
    0.1018   0.993637 -0.0481898   -19.0386
 -0.150952  0.0633095   0.986512   -137.275
         0          0          0          1

<-Total transform 129->iterations: 2, Init error: 88.6214, SBA error66.7229#
  0.983374   -0.10542   0.147856    50.2618
  0.115569   0.991376 -0.0617938   -11.7126
 -0.140066   0.077854   0.987077   -141.984
         0          0          0          1

<-Total transform 134->iterations: 5, Init error: 31.3342, SBA error5.22043#
  0.984705  -0.106641   0.137785    38.9025
  0.119168   0.989134 -0.0860935   -8.19562
 -0.127107   0.101196   0.986713   -160.056
         0          0          0          1

<-Total transform 139->iterations: 1, Init error: 73.9699, SBA error73.9699#
  0.987192 -0.0995996   0.124623    40.8444
  0.110807   0.990072 -0.0864804   -8.64572
 -0.114773   0.099182   0.988428   -159.548
         0          0          0          1

<-Total transform 144->iterations: 1, Init error: 84.3826, SBA error84.3826#
  0.988773 -0.0901567   0.119165    41.4957
 0.0992426   0.992408 -0.0726401    -11.481
 -0.111711  0.0836508   0.990214     -159.2
         0          0          0          1

<-Total transform 149->iterations: 1, Init error: 43.9586, SBA error43.9586#
  0.990241 -0.0847964   0.110604     42.728
 0.0927189   0.993329 -0.0685623   -12.5028
 -0.104052  0.0781482   0.991497   -158.797
         0          0          0          1

<-Total transform 154->iterations: 1, Init error: 46.9521, SBA error46.9521#
  0.991187 -0.0855321   0.101155    44.2385
 0.0928425   0.993223 -0.0699108   -12.2878
-0.0944898  0.0786862   0.992411     -158.4
         0          0          0          1

<-Total transform 159->iterations: 1, Init error: 35.4232, SBA error35.4232#
  0.991799 -0.0766781   0.102253    43.8551
 0.0842318   0.993862 -0.0717203   -12.5278
 -0.096126   0.079745    0.99217   -158.487
         0          0          0          1

<-Total transform 164->iterations: 32, Init error: 95.4017, SBA error2.31485#
 0.992635 -0.059054  0.105773   43.4078
0.0660673  0.995756 -0.064075    9.9503
 -0.10154 0.0705912  0.992324  -168.298
        0         0         0         1

<-Total transform 169->iterations: 39, Init error: 18.9544, SBA error3.38815#
  0.992552 -0.0539286   0.109238    40.3083
 0.0600152   0.996778 -0.0532175    14.9158
 -0.106016   0.059377    0.99259    -194.65
         0          0          0          1

<-Total transform 174->iterations: 3, Init error: 12.8071, SBA error11.3297#
  0.990363 -0.0665403   0.121467    40.6604
 0.0739467   0.995602 -0.0575171    16.7781
 -0.117105  0.0659448   0.990928   -200.374
         0          0          0          1

<-Total transform 179->iterations: 3, Init error: 23.1234, SBA error20.7071#
  0.988241  -0.081588   0.129317    42.6664
 0.0905467    0.99377 -0.0649745    19.2647
  -0.12321  0.0759197   0.989472   -200.268
         0          0          0          1

<-Total transform 184->iterations: 2, Init error: 9.18604, SBA error4.23445#
   0.98676 -0.0816999   0.140104    45.7496
 0.0917191   0.993555 -0.0666033    20.4195
  -0.13376  0.0785717   0.987894   -208.498
         0          0          0          1

<-Total transform 189->iterations: 3, Init error: 17.0207, SBA error9.75387#
  0.985703 -0.0809135   0.147791    42.5589
 0.0926441   0.992924 -0.0742849    21.7126
 -0.140735  0.0869148   0.986225   -219.621
         0          0          0          1

<-Total transform 194->iterations: 3, Init error: 16.9066, SBA error5.92553#
  0.984386  -0.078964   0.157321    46.4721
 0.0935606   0.991749 -0.0876383    19.8783
 -0.149102   0.100989   0.983651   -230.267
         0          0          0          1

<-Total transform 199->iterations: 4, Init error: 12.0963, SBA error3.96345#
  0.982549 -0.0763509   0.169614    48.1603
  0.092482     0.9917 -0.0893253     17.754
 -0.161386   0.103453   0.981454   -241.302
         0          0          0          1

<-Total transform 204->iterations: 2, Init error: 28.5476, SBA error20.6399#
  0.980494 -0.0846458   0.177386    48.4884
  0.102592   0.990219 -0.0945564    21.9128
 -0.167647    0.11091   0.979588   -248.697
         0          0          0          1

<-Total transform 209->iterations: 4, Init error: 6.87753, SBA error4.55215#
  0.980494 -0.0846458   0.177386    48.4884
  0.102592   0.990219 -0.0945564    21.9128
 -0.167647    0.11091   0.979588   -248.697
         0          0          0          1

<-Total transform 214->iterations: 3, Init error: 3.76567, SBA error2.68015#
  0.980494 -0.0846458   0.177386    48.4884
  0.102592   0.990219 -0.0945564    21.9128
 -0.167647    0.11091   0.979588   -248.697
         0          0          0          1

<-Total transform 219->iterations: 2, Init error: 31.3562, SBA error13.2578#
 0.977257 -0.095707  0.189232   50.6078
  0.11685  0.987699 -0.103908   28.3894
 -0.17696  0.123657  0.976419  -253.678
        0         0         0         1

<-Total transform 224->iterations: 3, Init error: 37.597, SBA error3.22845#
  0.975613 -0.0967911   0.197006    56.7059
  0.120399   0.986433  -0.111597    33.9319
 -0.183532   0.132595    0.97403   -265.001
         0          0          0          1

