<-Total transform 4->iterations: 3, Init error: 17.8106, SBA error15.2791#
    0.99996 -0.00786695 -0.00430064    -10.6928
 0.00783608    0.999944 -0.00714707     12.1731
 0.00435662  0.00711308    0.999965    -13.2187
          0           0           0           1

<-Total transform 9->iterations: 25, Init error: 11.4017, SBA error9.56804#
   0.999967  -0.0080938  -0.0010159    -11.8132
 0.00808457    0.999929 -0.00878474     12.5236
 0.00108693  0.00877623    0.999961    -3.20401
          0           0           0           1

<-Total transform 14->iterations: 2, Init error: 48.016, SBA error47.7139#
  0.999901 -0.0028232  0.0137646   -7.86107
0.00303512   0.999877 -0.0154001   -1.23794
-0.0137194  0.0154404   0.999787    -6.8285
         0          0          0          1

<-Total transform 19->iterations: 33, Init error: 42.6259, SBA error28.9744#
     0.99983  0.000807006    0.0184213     -6.64314
-0.000433688     0.999795   -0.0202606     -1.79109
  -0.0184339    0.0202491     0.999625     -21.4017
           0            0            0            1

<-Total transform 24->iterations: 2, Init error: 60.5321, SBA error51.4649#
    0.999293 -0.000923305    0.0375831      21.5308
  0.00115937      0.99998  -0.00625975     -2.23162
  -0.0375766   0.00629889     0.999274     -19.4818
           0            0            0            1

<-Total transform 29->iterations: 1, Init error: 36.5183, SBA error36.5183#
    0.99845  -0.0267754   0.0487861     21.3646
  0.0264912    0.999628  0.00646315    -1.90449
  -0.048941 -0.00516073    0.998788    -19.6984
          0           0           0           1

<-Total transform 34->iterations: 5, Init error: 125.178, SBA error105.801#
   0.997391  -0.0431811   0.0578534     27.3079
  0.0430319    0.999066  0.00382275    0.226009
 -0.0579645 -0.00132323    0.998318    -21.1532
          0           0           0           1

<-Total transform 39->iterations: 17, Init error: 12.5905, SBA error11.9044#
  0.996831  -0.052033  0.0601672     31.947
 0.0520304   0.998644 0.00161111   0.548327
-0.0601695 0.00152452   0.998187   -22.9358
         0          0          0          1

<-Total transform 44->iterations: 2, Init error: 82.7303, SBA error81.9899#
   0.99696   -0.05187  0.0581475    37.0128
 0.0512704   0.998616   0.011757   0.265625
-0.0586769   -0.00874   0.998239   -21.8767
         0          0          0          1

<-Total transform 49->iterations: 51, Init error: 106.169, SBA error94.923#
  0.997648 -0.0462433  0.0506044    46.0514
 0.0456717    0.99888  0.0123946   -2.42893
-0.0511209 -0.0100542   0.998642   -13.1087
         0          0          0          1

<-Total transform 54->iterations: 18, Init error: 65.4222, SBA error65.3978#
  0.997608 -0.0498535  0.0478935    46.4589
 0.0491351   0.998663  0.0160623   -2.30762
-0.0486302 -0.0136707   0.998723   -12.9724
         0          0          0          1

<-Total transform 59->iterations: 35, Init error: 92.0692, SBA error85.244#
  0.997433 -0.0472656  0.0537828    66.6614
 0.0459889   0.998636  0.0247326   -5.03158
-0.0548784 -0.0221957   0.998246   -15.4139
         0          0          0          1

<-Total transform 64->iterations: 8, Init error: 66.2086, SBA error48.8919#
  0.997352 -0.0480412  0.0545974    62.2386
 0.0470575   0.998708  0.0191619   -4.11349
-0.0554475 -0.0165419   0.998325   -29.4093
         0          0          0          1

<-Total transform 69->iterations: 2, Init error: 69.9372, SBA error68.581#
    0.996482   -0.0538702    0.0642075      54.4951
   0.0540239     0.998539 -0.000659555      2.02477
  -0.0640782   0.00412598     0.997936     -49.2048
           0            0            0            1

<-Total transform 74->iterations: 14, Init error: 56.3493, SBA error48.4023#
  0.994529 -0.0689887  0.0784324    45.5057
 0.0701496   0.997463 -0.0121405     3.9191
-0.0773958   0.017576   0.996846   -61.0727
         0          0          0          1

<-Total transform 79->iterations: 7, Init error: 60.7354, SBA error48.6307#
  0.994247 -0.0778184  0.0736057    36.9813
  0.078631    0.99687  -0.008203    3.96185
-0.0727369  0.0139435   0.997254    -71.981
         0          0          0          1

<-Total transform 84->iterations: 4, Init error: 59.4741, SBA error44.3712#
   0.990592   -0.089822    0.103243     54.4233
  0.0907091     0.99587 -0.00391925     5.51043
  -0.102464   0.0132474    0.994648    -62.6423
          0           0           0           1

<-Total transform 89->iterations: 27, Init error: 9.48265, SBA error8.31311#
     0.988359    -0.0974465      0.116834       55.6473
     0.098129      0.995174 -9.03095e-005       5.82858
    -0.116262     0.0115541      0.993151      -67.1239
            0             0             0             1

<-Total transform 94->iterations: 4, Init error: 58.9542, SBA error48.0071#
  0.987288 -0.0983577   0.124849     42.131
 0.0998886    0.99498 -0.0060461    6.74964
 -0.123627  0.0184402   0.992157   -101.324
         0          0          0          1

<-Total transform 99->iterations: 3, Init error: 24.528, SBA error24.5144#
  0.985923  -0.100974   0.133269    40.6766
  0.103592   0.994537 -0.0128408    7.61391
 -0.131244  0.0264656   0.990997    -102.16
         0          0          0          1

<-Total transform 104->iterations: 31, Init error: 25.6791, SBA error20.3041#
  0.983686  -0.100407   0.149265    49.5904
  0.103996   0.994442 -0.0164145     7.6362
 -0.146788  0.0316697   0.988661   -108.627
         0          0          0          1

<-Total transform 109->iterations: 4, Init error: 8.68313, SBA error4.12409#
  0.982898 -0.0967725   0.156671    60.0141
  0.101068   0.994685 -0.0196668    2.11036
 -0.153936  0.0351649   0.987455   -124.009
         0          0          0          1

<-Total transform 114->iterations: 32, Init error: 60.1866, SBA error7.30938#
  0.983285 -0.0931525   0.156436    66.2371
    0.1018   0.993637 -0.0481898   -27.9183
 -0.150952  0.0633095   0.986512   -142.339
         0          0          0          1

<-Total transform 119->iterations: 2, Init error: 10.7594, SBA error10.5144#
  0.983285 -0.0931525   0.156436    66.2371
    0.1018   0.993637 -0.0481898   -27.9183
 -0.150952  0.0633095   0.986512   -142.339
         0          0          0          1

<-Total transform 124->iterations: 2, Init error: 10.3237, SBA error6.2508#
  0.983285 -0.0931525   0.156436    66.2371
    0.1018   0.993637 -0.0481898   -27.9183
 -0.150952  0.0633095   0.986512   -142.339
         0          0          0          1

<-Total transform 129->iterations: 2, Init error: 90.1493, SBA error62.2343#
  0.983855  -0.102961   0.146385    53.0757
  0.114332   0.990867 -0.0714943   -20.4767
 -0.137687  0.0870766   0.986641   -146.484
         0          0          0          1

<-Total transform 134->iterations: 11, Init error: 31.0248, SBA error2.98201#
  0.985949 -0.0992487   0.134368    45.1169
  0.111493    0.98996 -0.0868856   -19.8212
 -0.124395   0.100646   0.987115   -174.198
         0          0          0          1

<-Total transform 139->iterations: 1, Init error: 73.9924, SBA error73.9924#
  0.988061 -0.0908974   0.124389    46.5424
   0.10127   0.991656 -0.0797682    -21.714
 -0.116101  0.0914128   0.989022   -173.597
         0          0          0          1

<-Total transform 144->iterations: 1, Init error: 84.4515, SBA error84.4515#
  0.989672 -0.0805868    0.11855    47.1748
  0.089298   0.993535 -0.0700966   -24.1456
 -0.112135  0.0799589   0.990471   -173.104
         0          0          0          1

<-Total transform 149->iterations: 1, Init error: 43.9818, SBA error43.9818#
  0.990804 -0.0804558   0.108784    48.8449
  0.088216   0.993743 -0.0685064   -24.4844
 -0.102592  0.0774729   0.991702   -172.592
         0          0          0          1

<-Total transform 154->iterations: 1, Init error: 46.6295, SBA error46.6295#
  0.991433  -0.079051   0.103983    49.6149
 0.0863138   0.993992 -0.0673026   -24.8141
-0.0980376  0.0757012   0.992299   -172.326
         0          0          0          1

<-Total transform 159->iterations: 1, Init error: 35.1451, SBA error35.1451#
   0.99245 -0.0653371   0.103798    49.1393
 0.0724375   0.995175 -0.0661737    -25.936
-0.0989738   0.073193   0.992395   -172.297
         0          0          0          1

<-Total transform 164->iterations: 21, Init error: 96.0027, SBA error2.3581#
  0.992706 -0.0510541   0.109216    48.1282
 0.0571764    0.99692 -0.0536782   -4.27129
 -0.106139  0.0595313   0.992568   -181.863
         0          0          0          1

<-Total transform 169->iterations: 46, Init error: 18.5918, SBA error17.944#
  0.992248 -0.0512379   0.113222    47.2654
  0.057712   0.996836 -0.0546611   -4.08211
 -0.110063  0.0607716   0.992065       -186
         0          0          0          1

<-Total transform 174->iterations: 2, Init error: 9.50183, SBA error8.29629#
  0.989347 -0.0688177   0.128284      46.42
 0.0776492   0.994849 -0.0651583  -0.676089
 -0.123139  0.0744253   0.989595   -189.238
         0          0          0          1

<-Total transform 179->iterations: 3, Init error: 22.824, SBA error20.4502#
  0.987331 -0.0785417   0.137875    48.3615
 0.0881676   0.993973 -0.0651471  0.0360983
 -0.131928  0.0764778   0.988305   -189.431
         0          0          0          1

<-Total transform 184->iterations: 12, Init error: 8.97992, SBA error2.71805#
  0.986071 -0.0746741   0.148618    52.4679
 0.0855909   0.993976 -0.0684602    4.29909
 -0.142611   0.080227   0.986522   -204.985
         0          0          0          1

<-Total transform 189->iterations: 3, Init error: 17.0477, SBA error9.18405#
  0.985355 -0.0773679   0.151956    49.3581
 0.0899281   0.992921 -0.0775941    7.09571
 -0.144877  0.0901228   0.985337   -211.516
         0          0          0          1

<-Total transform 194->iterations: 7, Init error: 16.9137, SBA error2.7503#
  0.983568  -0.073135    0.16506    53.8781
  0.088483   0.992216 -0.0876246    6.54466
 -0.157367    0.10079   0.982383   -226.377
         0          0          0          1

<-Total transform 199->iterations: 3, Init error: 12.0848, SBA error6.42801#
  0.981757  -0.072224   0.175887    55.9215
 0.0891914    0.99189 -0.0905472    7.38705
 -0.167921   0.104583   0.980237   -235.379
         0          0          0          1

<-Total transform 204->iterations: 1, Init error: 28.4481, SBA error28.4481#
  0.979015  -0.088809   0.183417    54.3463
  0.107632   0.989609 -0.0953408    10.2512
 -0.173044   0.113082   0.978401   -235.641
         0          0          0          1

<-Total transform 209->iterations: 2, Init error: 6.90072, SBA error4.09437#
  0.979015  -0.088809   0.183417    54.3463
  0.107632   0.989609 -0.0953408    10.2512
 -0.173044   0.113082   0.978401   -235.641
         0          0          0          1

<-Total transform 214->iterations: 2, Init error: 3.76074, SBA error2.83393#
  0.979015  -0.088809   0.183417    54.3463
  0.107632   0.989609 -0.0953408    10.2512
 -0.173044   0.113082   0.978401   -235.641
         0          0          0          1

<-Total transform 219->iterations: 3, Init error: 31.3562, SBA error11.5801#
  0.976746 -0.0965655    0.19142    57.5196
  0.118743   0.987037  -0.107972    16.2545
 -0.178512   0.128191   0.975551   -241.107
         0          0          0          1

<-Total transform 224->iterations: 3, Init error: 37.8808, SBA error7.9311#
 0.974283 -0.099761  0.202041    61.529
 0.123323  0.986518 -0.107581   23.4981
-0.188585  0.129731   0.97345  -253.372
        0         0         0         1

