<-Total transform 17->iterations: 19, Init error: 216.656, SBA error96.06#
   0.999999 -0.00054806  0.00147712     33.9027
0.000550215    0.999999 -0.00145918     10.9577
-0.00147632  0.00145999    0.999998    -12.7061
          0           0           0           1

<-Total transform 33->iterations: 27, Init error: 849.634, SBA error423.577#
    0.999998   0.00010443   0.00208292      89.9862
-0.000100932     0.999999  -0.00167927     0.878721
 -0.00208309   0.00167905     0.999996     -19.0623
           0            0            0            1

<-Total transform 49->iterations: 7, Init error: 74.1882, SBA error41.2053#
     0.999996  5.50538e-005    0.00278198       74.9781
-5.09885e-005      0.999999   -0.00146137       3.27335
  -0.00278206    0.00146122      0.999995       65.4305
            0             0             0             1

<-Total transform 65->iterations: 33, Init error: 186.737, SBA error172.659#
   0.999988 0.000306154  0.00488023     70.8666
-0.00029168    0.999996  -0.0029664      3.2892
-0.00488112  0.00296494    0.999984     112.856
          0           0           0           1

<-Total transform 81->iterations: 37, Init error: 292.079, SBA error192.208#
    0.999936  0.000551619     0.011301      57.2646
-0.000513384     0.999994   -0.0033859     0.622024
  -0.0113028   0.00337989      0.99993      174.377
           0            0            0            1

<-Total transform 97->iterations: 36, Init error: 71.1447, SBA error45.1309#
    0.999906  0.000471537     0.013669      70.8144
-0.000427343     0.999995  -0.00323586      2.07211
  -0.0136705   0.00322972     0.999901       212.49
           0            0            0            1

<-Total transform 113->iterations: 4, Init error: 555.67, SBA error301.749#
    0.99984  0.00175185    0.017812     173.693
-0.00168838    0.999992 -0.00357807    -74.9349
 -0.0178181  0.00354742    0.999835     204.504
          0           0           0           1

<-Total transform 129->iterations: 2, Init error: 85.4686, SBA error83.4593#
   0.999728  0.00257429   0.0231839      168.61
-0.00251007    0.999993 -0.00279859    -80.1853
 -0.0231909  0.00273964    0.999727      193.53
          0           0           0           1

<-Total transform 145->iterations: 18, Init error: 206.75, SBA error128.694#
    0.999622  0.000888762    0.0274631      208.799
-0.000818752     0.999996   -0.0025604     -55.8974
  -0.0274653   0.00253695      0.99962      213.639
           0            0            0            1

<-Total transform 161->iterations: 4, Init error: 713.541, SBA error582.168#
    0.999493 -0.000414225     0.031821      195.024
 0.000546132     0.999991  -0.00413673     -52.2453
   -0.031819   0.00415201     0.999485      249.798
           0            0            0            1

<-Total transform 177->iterations: 93, Init error: 650.64, SBA error451.857#
    0.999399  0.000111973    0.0346586      230.137
6.02154e-005     0.999988  -0.00496705     -57.3672
  -0.0346587   0.00496615     0.999387      254.913
           0            0            0            1

<-Total transform 193->iterations: 41, Init error: 814.514, SBA error476.973#
    0.999285  0.000868602    0.0377868      304.509
-0.000640119     0.999981  -0.00605832     -74.0819
  -0.0377914    0.0060298     0.999267       201.01
           0            0            0            1

<-Total transform 209->iterations: 3, Init error: 681.607, SBA error301.852#
  0.999085 0.00177629   0.042735    234.422
-0.0014271   0.999965 -0.0082002   -76.3663
-0.0427481 0.00813171   0.999053    233.105
         0          0          0          1

<-Total transform 225->iterations: 32, Init error: 939.512, SBA error912.89#
     0.998842   0.000508281     0.0480995       234.433
-4.68612e-005      0.999954   -0.00959367      -76.8403
   -0.0481021    0.00958031      0.998796       237.145
            0             0             0             1

<-Total transform 241->iterations: 24, Init error: 201.563, SBA error193.527#
   0.998328 0.000239493   0.0577975     241.616
0.000387611    0.999941  -0.0108386    -74.8233
 -0.0577967   0.0108428    0.998269     185.846
          0           0           0           1

<-Total transform 257->iterations: 3, Init error: 243.552, SBA error223.739#
   0.997852 -0.00114557   0.0655021     225.425
 0.00194959    0.999924  -0.0122121    -73.2358
 -0.0654831   0.0123136    0.997778     157.037
          0           0           0           1

<-Total transform 273->iterations: 1, Init error: 248.676, SBA error248.676#
   0.997162 -0.00502039   0.0751147     227.211
 0.00601262    0.999898  -0.0129892    -72.4963
 -0.0750418    0.013404     0.99709      154.79
          0           0           0           1

<-Total transform 289->iterations: 43, Init error: 3540.23, SBA error2266.64#
   0.996642 -0.00600563   0.0816592      113.18
   0.007027    0.999901  -0.0122262    -97.3125
 -0.0815776   0.0127589    0.996585     72.3999
          0           0           0           1

<-Total transform 305->iterations: 23, Init error: 161.97, SBA error159.22#
   0.996078 -0.00628912   0.0882512     106.813
 0.00745488    0.999889  -0.0128862    -97.3725
 -0.0881604   0.0134935    0.996015     72.5871
          0           0           0           1

<-Total transform 321->iterations: 7, Init error: 481.894, SBA error437.886#
  0.995422 -0.0082642  0.0952238        122
0.00968132   0.999849 -0.0144296   -79.8339
-0.0950902  0.0152854   0.995351    66.5163
         0          0          0          1

<-Total transform 337->iterations: 3, Init error: 331.115, SBA error247.537#
  0.994618 -0.0098415   0.103137    55.6838
 0.0115038   0.999813 -0.0155353   -73.5612
 -0.102965  0.0166381   0.994546    280.058
         0          0          0          1

<-Total transform 353->iterations: 3, Init error: 850.365, SBA error320.345#
  0.993733 -0.0109316    0.11124   -23.2956
  0.012883   0.999775 -0.0168391   -101.524
 -0.111031  0.0181667   0.993651    314.084
         0          0          0          1

<-Total transform 369->iterations: 2, Init error: 671.222, SBA error491.839#
  0.992946 -0.0121378   0.117946   -67.4185
 0.0143601   0.999735 -0.0180097   -128.539
 -0.117696  0.0195764   0.992857    324.102
         0          0          0          1

<-Total transform 385->iterations: 2, Init error: 640.585, SBA error601.885#
  0.992174 -0.0138684   0.124092   -14.6094
 0.0164319   0.999672  -0.019658   -131.932
 -0.123779  0.0215432   0.992076    376.844
         0          0          0          1

<-Total transform 401->iterations: 18, Init error: 567.656, SBA error428.526#
  0.990943 -0.0152566   0.133416   -31.8305
 0.0184354   0.999574 -0.0226233   -133.741
 -0.133014   0.024878   0.990802    413.848
         0          0          0          1

<-Total transform 417->iterations: 2, Init error: 479.645, SBA error478.676#
  0.990577 -0.0176052   0.135824   -28.3923
 0.0208335   0.999532 -0.0223833   -133.985
 -0.135366   0.025002    0.99048     448.65
         0          0          0          1

<-Total transform 433->iterations: 9, Init error: 254.605, SBA error214.978#
  0.990161 -0.0189479   0.138647   -16.9099
 0.0222405   0.999505 -0.0222369   -125.604
 -0.138157  0.0251017   0.990092    493.992
         0          0          0          1

<-Total transform 449->iterations: 30, Init error: 1331.97, SBA error741.863#
  0.989965 -0.0164991   0.140343    114.675
  0.020203   0.999483 -0.0250076   -194.733
 -0.139858   0.027592   0.989787    579.421
         0          0          0          1

<-Total transform 465->iterations: 130, Init error: 513.527, SBA error166.709#
   0.98949 -0.0143393   0.143885    43.0576
 0.0183632   0.999475 -0.0266771   -184.567
 -0.143427  0.0290389   0.989235    562.017
         0          0          0          1

