<-One step transform 17->iterations: 19, Init error: 216.656, SBA error96.06#
   0.999999 -0.00054806  0.00147712     33.9027
0.000550215    0.999999 -0.00145918     10.9577
-0.00147632  0.00145999    0.999998    -12.7061
          0           0           0           1

<-One step transform 33->iterations: 27, Init error: 849.634, SBA error423.577#
           1  0.000651604  0.000606753       56.084
-0.000651472            1 -0.000219122     -10.0596
-0.000606895  0.000218726            1       -6.338
           0            0            0            1

<-One step transform 49->iterations: 7, Init error: 74.1882, SBA error41.2053#
            1 -5.05495e-005   0.000698976      -14.9947
 5.03973e-005             1   0.000217794       2.39425
 -0.000698987  -0.000217758             1       84.5559
            0             0             0             1

<-One step transform 65->iterations: 33, Init error: 186.737, SBA error172.659#
    0.999998  0.000248034   0.00209863     -4.24951
-0.000244877     0.999999  -0.00150436     0.132642
   -0.002099   0.00150384     0.999997      47.5782
           0            0            0            1

<-One step transform 81->iterations: 37, Init error: 292.079, SBA error192.208#
    0.999979  0.000226432   0.00642166      -14.326
 -0.00022375            1 -0.000418419      -2.6041
 -0.00642175  0.000416973     0.999979      61.9771
           0            0            0            1

<-One step transform 97->iterations: 36, Init error: 71.1447, SBA error45.1309#
     0.999997 -8.80841e-005    0.00236793       13.1371
 8.77314e-005             1    0.00014906       1.41907
  -0.00236794  -0.000148852      0.999997       38.2494
            0             0             0             1

<-One step transform 113->iterations: 4, Init error: 555.67, SBA error301.749#
    0.999991   0.00126693   0.00414759      101.995
  -0.0012656     0.999999 -0.000324939     -76.8483
 -0.00414799  0.000319687     0.999991      -7.6917
           0            0            0            1

<-One step transform 129->iterations: 2, Init error: 85.4686, SBA error83.4593#
    0.999985  0.000803393   0.00537588     -6.11956
-0.000807673     0.999999  0.000793992     -5.27255
 -0.00537524 -0.000798322     0.999985     -10.0968
           0            0            0            1

<-One step transform 145->iterations: 18, Init error: 206.75, SBA error128.694#
    0.999989  -0.00169722   0.00427592      39.2279
  0.00169639     0.999999  0.000198908      23.9633
 -0.00427625 -0.000191652     0.999991      20.8165
           0            0            0            1

<-One step transform 161->iterations: 4, Init error: 713.541, SBA error582.168#
    0.99999 -0.00131403  0.00435643    -14.7777
 0.00132107    0.999998 -0.00161322     3.72076
 -0.0043543  0.00161896    0.999989     37.1605
          0           0           0           1

<-One step transform 177->iterations: 93, Init error: 650.64, SBA error451.857#
    0.999996  0.000514404   0.00284137      34.4316
-0.000512091            1 -0.000814452     -4.81863
 -0.00284179  0.000812994     0.999996      5.71349
           0            0            0            1

<-One step transform 193->iterations: 41, Init error: 814.514, SBA error476.973#
    0.999995  0.000741074   0.00313396      73.6163
-0.000737736     0.999999  -0.00106635     -16.2731
 -0.00313475   0.00106404     0.999995     -53.1196
           0            0            0            1

<-One step transform 209->iterations: 3, Init error: 681.607, SBA error301.852#
    0.999987  0.000877826   0.00495768      -71.014
-0.000867371     0.999997  -0.00211068     -1.59621
 -0.00495952   0.00210635     0.999985      33.7642
           0            0            0            1

<-One step transform 225->iterations: 32, Init error: 939.512, SBA error912.89#
   0.999985 -0.00131161  0.00535939    -1.33518
 0.00131941    0.999998 -0.00145125   -0.445199
-0.00535748  0.00145829    0.999985     5.41113
          0           0           0           1

<-One step transform 241->iterations: 24, Init error: 201.563, SBA error193.527#
    0.999953 -0.000361791    0.0097085      4.86355
 0.000374084     0.999999  -0.00126441      2.22914
 -0.00970803   0.00126799     0.999952      -48.914
           0            0            0            1

<-One step transform 257->iterations: 3, Init error: 243.552, SBA error223.739#
   0.999969 -0.00146867   0.0077038    -17.7248
 0.00147998    0.999998 -0.00146166     1.50138
-0.00770164  0.00147302    0.999969    -26.8322
          0           0           0           1

<-One step transform 273->iterations: 1, Init error: 248.676, SBA error248.676#
   0.999946 -0.00399326  0.00958871           0
 0.00400343    0.999991  -0.0010417           0
-0.00958447  0.00108003    0.999953           0
          0           0           0           1

<-One step transform 289->iterations: 43, Init error: 3540.23, SBA error2266.64#
   0.999978 -0.00107327  0.00655124    -115.118
  0.0010688    0.999999 0.000684727    -25.1651
-0.00655197 -0.00067771    0.999978    -80.9477
          0           0           0           1

<-One step transform 305->iterations: 23, Init error: 161.97, SBA error159.22#
    0.999978 -0.000368019   0.00661189     -6.87982
 0.000372608            1  -0.00069282   -0.0521155
 -0.00661163  0.000695268     0.999978      1.00481
           0            0            0            1

<-One step transform 321->iterations: 7, Init error: 481.894, SBA error437.886#
   0.999974 -0.00206961  0.00697606      14.482
 0.00208176    0.999996 -0.00173407     17.4418
-0.00697244  0.00174854    0.999974    -5.15388
          0           0           0           1

<-One step transform 337->iterations: 3, Init error: 331.115, SBA error247.537#
   0.999967 -0.00169902  0.00792842    -66.9749
 0.00170918    0.999998  -0.0012744     6.14871
-0.00792624  0.00128791    0.999968     214.613
          0           0           0           1

<-One step transform 353->iterations: 3, Init error: 850.365, SBA error320.345#
   0.999966 -0.00122595   0.0081322    -81.3452
 0.00123769    0.999998  -0.0014394    -27.6283
-0.00813042  0.00144942    0.999966     34.5957
          0           0           0           1

<-One step transform 369->iterations: 2, Init error: 671.222, SBA error491.839#
   0.999976 -0.00132902  0.00672903    -46.3718
 0.00133798    0.999998 -0.00132785    -26.5677
-0.00672725  0.00133682    0.999976     10.0039
          0           0           0           1

<-One step transform 385->iterations: 2, Init error: 640.585, SBA error601.885#
   0.999979 -0.00185195  0.00615912     50.5735
 0.00186357    0.999996 -0.00188158    -2.65808
-0.00615561  0.00189302    0.999979     52.5767
          0           0           0           1

<-One step transform 401->iterations: 18, Init error: 567.656, SBA error428.526#
   0.999955 -0.00159126  0.00937259    -20.9637
 0.00162124    0.999994 -0.00319197   -0.582657
-0.00936745  0.00320703    0.999951     37.3092
          0           0           0           1

<-One step transform 417->iterations: 2, Init error: 479.645, SBA error478.676#
     0.999994    -0.0024088    0.00237558        2.1327
     0.002409      0.999997 -8.21721e-005     -0.134211
  -0.00237537  8.78944e-005      0.999997       34.7389
            0             0             0             1

<-One step transform 433->iterations: 9, Init error: 254.605, SBA error214.978#
     0.999995   -0.00141393    0.00281913        10.028
   0.00141406      0.999999 -4.61938e-005       8.44175
  -0.00281906    5.018e-005      0.999996        45.271
            0             0             0             1

<-One step transform 449->iterations: 30, Init error: 1331.97, SBA error741.863#
   0.999996  0.00240551  0.00176766     131.014
-0.00240116    0.999994 -0.00246222    -67.9541
-0.00177358  0.00245797    0.999995     85.7099
          0           0           0           1

<-One step transform 465->iterations: 130, Init error: 513.527, SBA error166.709#
   0.999991   0.0020605  0.00363226    -73.3202
-0.00205545    0.999997 -0.00139536     11.2102
-0.00363512  0.00138788    0.999992    -16.7122
          0           0           0           1

