<-Total transform 2->iterations: 19#
   0.999999 -0.00054806  0.00147712    0.676438
0.000550215    0.999999 -0.00145918    0.961235
-0.00147632  0.00145999    0.999998    -2.60446
          0           0           0           1

<-Total transform 3->iterations: 30#
    0.999998   0.00010443   0.00208292      5.53769
-0.000100932     0.999999  -0.00167927     -4.30584
 -0.00208309   0.00167905     0.999996     -8.63099
           0            0            0            1

<-Total transform 4->iterations: 5#
     0.999996  5.50538e-005    0.00278198       6.03246
-5.09885e-005      0.999999   -0.00146137      -4.12601
  -0.00278206    0.00146122      0.999995      -13.3472
            0             0             0             1

<-Total transform 5->iterations: 23#
   0.999988 0.000306154  0.00488023     11.8172
-0.00029168    0.999996  -0.0029664    -6.73238
-0.00488112  0.00296494    0.999984     21.8524
          0           0           0           1

<-Total transform 6->iterations: 3#
    0.999936  0.000551619     0.011301      12.2209
-0.000513384     0.999994   -0.0033859     -7.82089
  -0.0113028   0.00337989      0.99993      17.5654
           0            0            0            1

<-Total transform 7->iterations: 2#
    0.999906  0.000471537     0.013669      16.1941
-0.000427343     0.999995  -0.00323586     -7.44422
  -0.0136705   0.00322972     0.999901      8.46779
           0            0            0            1

<-Total transform 8->iterations: 23#
    0.99984  0.00175185    0.017812     23.7538
-0.00168838    0.999992 -0.00357807    -10.1684
 -0.0178181  0.00354742    0.999835     5.49861
          0           0           0           1

<-Total transform 9->iterations: 21#
   0.999728  0.00257429   0.0231839     25.0278
-0.00251007    0.999993 -0.00279859    -12.2117
 -0.0231909  0.00273964    0.999727      2.7575
          0           0           0           1

<-Total transform 10->iterations: 8#
    0.999622  0.000888762    0.0274631      27.2818
-0.000818752     0.999996   -0.0025604     -11.9083
  -0.0274653   0.00253695      0.99962      2.28661
           0            0            0            1

<-Total transform 11->iterations: 2#
    0.999493 -0.000414225     0.031821      30.0939
 0.000546132     0.999991  -0.00413673     -10.4234
   -0.031819   0.00415201     0.999485     -4.52966
           0            0            0            1

<-Total transform 12->iterations: 23#
    0.999399  0.000111973    0.0346586      34.1019
6.02154e-005     0.999988  -0.00496705     -12.2567
  -0.0346587   0.00496615     0.999387     -16.5058
           0            0            0            1

<-Total transform 13->iterations: 21#
    0.999285  0.000868602    0.0377868      39.6335
-0.000640119     0.999981  -0.00605832     -18.3549
  -0.0377914    0.0060298     0.999267     -20.3863
           0            0            0            1

<-Total transform 14->iterations: 31#
  0.999085 0.00177629   0.042735    44.2612
-0.0014271   0.999965 -0.0082002    -22.838
-0.0427481 0.00813171   0.999053   -20.1432
         0          0          0          1

<-Total transform 15->iterations: 39#
     0.998842   0.000508281     0.0480995       44.2853
-4.68612e-005      0.999954   -0.00959367       -23.672
   -0.0481021    0.00958031      0.998796      -8.51177
            0             0             0             1

<-Total transform 16->iterations: 21#
   0.998328 0.000239493   0.0577975     57.4809
0.000387611    0.999941  -0.0108386    -31.0615
 -0.0577967   0.0108428    0.998269     11.1983
          0           0           0           1

<-Total transform 17->iterations: 42#
   0.997852 -0.00114557   0.0655021     64.6184
 0.00194959    0.999924  -0.0122121    -28.6397
 -0.0654831   0.0123136    0.997778     34.8482
          0           0           0           1

<-Total transform 18->iterations: 8#
   0.997162 -0.00502039   0.0751147     71.1095
 0.00601262    0.999898  -0.0129892    -24.8542
 -0.0750418    0.013404     0.99709     44.8467
          0           0           0           1

<-Total transform 19->iterations: 2#
   0.996642 -0.00600563   0.0816592     75.3553
   0.007027    0.999901  -0.0122262     -20.053
 -0.0815776   0.0127589    0.996585     34.7268
          0           0           0           1

<-Total transform 20->iterations: 29#
   0.996078 -0.00628912   0.0882512     81.5849
 0.00745488    0.999889  -0.0128862    -18.1703
 -0.0881604   0.0134935    0.996015       49.31
          0           0           0           1

<-Total transform 21->iterations: 82#
  0.995422 -0.0082642  0.0952238    86.5772
0.00968132   0.999849 -0.0144296   -10.0046
-0.0950902  0.0152854   0.995351    63.2021
         0          0          0          1

<-Total transform 22->iterations: 6#
  0.994618 -0.0098415   0.103137    86.1161
 0.0115038   0.999813 -0.0155353   -9.92609
 -0.102965  0.0166381   0.994546    62.4278
         0          0          0          1

<-Total transform 23->iterations: 2#
  0.993733 -0.0109316    0.11124     90.065
  0.012883   0.999775 -0.0168391   -5.44245
 -0.111031  0.0181667   0.993651    52.5602
         0          0          0          1

<-Total transform 24->iterations: 4#
  0.992946 -0.0121378   0.117946    96.6741
 0.0143601   0.999735 -0.0180097    4.48465
 -0.117696  0.0195764   0.992857    71.1774
         0          0          0          1

<-Total transform 25->iterations: 2#
  0.992174 -0.0138684   0.124092    101.213
 0.0164319   0.999672  -0.019658    12.7254
 -0.123779  0.0215432   0.992076    84.6236
         0          0          0          1

<-Total transform 26->iterations: 3#
  0.990943 -0.0152566   0.133416    105.296
 0.0184354   0.999574 -0.0226233    17.7849
 -0.133014   0.024878   0.990802    102.093
         0          0          0          1

<-Total transform 27->iterations: 2#
  0.990577 -0.0176052   0.135824    106.329
 0.0208335   0.999532 -0.0223833    22.6495
 -0.135366   0.025002    0.99048    116.015
         0          0          0          1

<-Total transform 28->iterations: 2#
  0.990161 -0.0189479   0.138647    110.089
 0.0222405   0.999505 -0.0222369    28.8719
 -0.138157  0.0251017   0.990092    125.457
         0          0          0          1

<-Total transform 29->iterations: 46#
  0.989965 -0.0164991   0.140343    118.289
  0.020203   0.999483 -0.0250076    29.0351
 -0.139858   0.027592   0.989787    153.141
         0          0          0          1

<-Total transform 30->iterations: 35#
   0.98949 -0.0143393   0.143885    120.947
 0.0183632   0.999475 -0.0266771    23.7975
 -0.143427  0.0290389   0.989235    155.089
         0          0          0          1

<-Total transform 31->iterations: 2#
  0.988909 -0.0142773   0.147833    123.639
 0.0183532   0.999487 -0.0262438    24.0605
 -0.147382  0.0286659   0.988664    152.227
         0          0          0          1

<-Total transform 32->iterations: 6#
  0.988542 -0.0127739   0.150404    141.048
 0.0170515   0.999485 -0.0271855    16.9477
 -0.149979  0.0294386   0.988251    167.913
         0          0          0          1

<-Total transform 33->iterations: 4#
  0.988182   -0.01134   0.152864    147.991
 0.0157502   0.999493 -0.0276701    12.1225
 -0.152473  0.0297508    0.98786     193.21
         0          0          0          1

<-Total transform 34->iterations: 13#
  0.988146 -0.0113477   0.153097     154.14
 0.0157489   0.999496 -0.0275657    12.3083
 -0.152707    0.02965   0.987827    222.011
         0          0          0          1

<-Total transform 35->iterations: 4#
  0.987754  -0.010016   0.155699    161.801
 0.0145222   0.999507 -0.0278311    7.82842
 -0.155343  0.0297514   0.987412    248.736
         0          0          0          1

<-Total transform 36->iterations: 5#
   0.987233 -0.00980212    0.158983     171.012
  0.0144421    0.999502   -0.028056     5.76294
  -0.158629   0.0299939    0.986883     275.422
          0           0           0           1

<-Total transform 37->iterations: 71#
  0.986628 -0.0100779   0.162675    177.089
 0.0148722   0.999489 -0.0282805    7.63684
 -0.162307  0.0303217   0.986274    302.413
         0          0          0          1

<-Total transform 38->iterations: 18#
   0.986092 -0.00994951    0.165903     182.368
  0.0148874    0.999482   -0.028547     7.25305
  -0.165533   0.0306198    0.985729     327.117
          0           0           0           1

<-Total transform 39->iterations: 8#
  0.985996 -0.0104779   0.166441     187.77
 0.0153551   0.999489 -0.0280433    10.6124
 -0.166062  0.0302063   0.985653    356.156
         0          0          0          1

<-Total transform 40->iterations: 9#
   0.985934 -0.00824819    0.166929     193.766
  0.0133609    0.999475   -0.029528     11.2738
  -0.166598    0.031343    0.985527     385.177
          0           0           0           1

<-Total transform 41->iterations: 22#
   0.985865 -0.00673279    0.167404     202.868
  0.0120203     0.99946   -0.030592    0.528607
  -0.167107   0.0321718    0.985414     411.395
          0           0           0           1

<-Total transform 42->iterations: 5#
 0.985826 -0.006852  0.167631   205.595
0.0121738  0.999453  -0.03074  0.771596
-0.167329  0.032345   0.98537   442.469
        0         0         0         1

<-Total transform 43->iterations: 9#
   0.985551 -0.00698841    0.169232     210.587
  0.0124682    0.999431  -0.0313394   -0.452322
  -0.168917   0.0329967    0.985078     472.728
          0           0           0           1

<-Total transform 44->iterations: 29#
   0.985092 -0.00618573    0.171918     219.698
  0.0119505      0.9994  -0.0325172    -5.77409
  -0.171613    0.034087    0.984574     498.242
          0           0           0           1

<-Total transform 45->iterations: 40#
   0.984908 -0.00666561    0.172953      221.11
  0.0125659    0.999375  -0.0330428    -3.51954
  -0.172625   0.0347174    0.984376     528.976
          0           0           0           1

<-Total transform 46->iterations: 23#
  0.984834  -0.007087   0.173354    222.637
 0.0131283   0.999345 -0.0337278   -2.21904
 -0.173002  0.0354921   0.984282    553.332
         0          0          0          1

<-Total transform 47->iterations: 4#
   0.984506 -0.00680504    0.175218     233.964
  0.0132981    0.999267    -0.03591    -15.6549
  -0.174845   0.0376836    0.983875     585.775
          0           0           0           1

<-Total transform 48->iterations: 5#
  0.984157 -0.0069214   0.177164    240.563
 0.0138994   0.999174 -0.0381764   -20.8453
 -0.176754   0.040034   0.983441    613.962
         0          0          0          1

<-Total transform 49->iterations: 23#
   0.984109 -0.00770909    0.177396     238.813
  0.0147325    0.999157  -0.0383087    -20.2114
  -0.176951   0.0403134    0.983394     624.184
          0           0           0           1

<-Total transform 50->iterations: 5#
  0.983936 -0.0072477   0.178375    251.178
 0.0147265   0.999065 -0.0406393   -31.4276
 -0.177914  0.0426133   0.983123    648.557
         0          0          0          1

<-Total transform 51->iterations: 24#
   0.984379 -0.00686561    0.175929     251.895
  0.0140732     0.99911  -0.0397541    -30.4975
  -0.175499    0.041609      0.9836     676.265
          0           0           0           1

<-Total transform 52->iterations: 4#
   0.983706 -0.00565235    0.179694     269.298
  0.0130029    0.999125  -0.0397546    -34.2083
  -0.179312   0.0414434    0.982919      689.71
          0           0           0           1

<-Total transform 53->iterations: 39#
   0.983129 -0.00917771    0.182686     275.616
  0.0161879    0.999187   -0.036919    -30.3846
  -0.182198   0.0392535    0.982478     719.801
          0           0           0           1

<-Total transform 54->iterations: 25#
   0.982734 -0.00942064    0.184786     281.119
  0.0162803    0.999232  -0.0356403    -27.4811
  -0.184308   0.0380333    0.982132     739.524
          0           0           0           1

<-Total transform 55->iterations: 45#
  0.982567 -0.0122167   0.185506    284.127
 0.0184134   0.999327 -0.0317181   -23.2477
 -0.184993   0.034581   0.982131    769.615
         0          0          0          1

<-Total transform 56->iterations: 34#
  0.982746 -0.0153507   0.184322    288.061
 0.0206998   0.999418 -0.0271314   -18.3686
 -0.183798  0.0304787   0.982491     791.26
         0          0          0          1

<-Total transform 57->iterations: 39#
  0.981951 -0.0187763     0.1882    286.836
 0.0236717   0.999436 -0.0237979   -15.2305
 -0.187647  0.0278234   0.981842    784.017
         0          0          0          1

<-Total transform 58->iterations: 30#
  0.981553 -0.0191044   0.190231        287
 0.0240659   0.999427 -0.0238052   -14.2332
 -0.189667  0.0279442   0.981451    770.351
         0          0          0          1

<-Total transform 59->iterations: 2#
  0.981247 -0.0195534   0.191759    289.976
  0.024331   0.999449 -0.0225913   -11.9098
 -0.191211  0.0268333   0.981182    764.334
         0          0          0          1

<-Total transform 60->iterations: 37#
  0.980527 -0.0202508   0.195336    293.974
 0.0249981   0.999448 -0.0218681   -6.85258
 -0.194785  0.0263253   0.980493    790.003
         0          0          0          1

<-Total transform 61->iterations: 30#
  0.979881 -0.0219885    0.19837     302.17
 0.0264738    0.99945 -0.0199865   -4.08075
 -0.197821   0.024836   0.979923    812.634
         0          0          0          1

<-Total transform 62->iterations: 24#
  0.979526 -0.0230345   0.199993    307.166
 0.0268923   0.999501 -0.0165937  0.0129131
 -0.199511  0.0216323   0.979657    817.082
         0          0          0          1

<-Total transform 63->iterations: 41#
  0.979465 -0.0228817    0.20031    312.555
 0.0263332   0.999547 -0.0145832    3.02783
 -0.199885  0.0195586   0.979624     838.33
         0          0          0          1

<-Total transform 64->iterations: 41#
  0.979383 -0.0217984   0.200833    318.467
 0.0250842    0.99959 -0.0138303    1.44325
 -0.200449  0.0185829   0.979528     861.53
         0          0          0          1

<-Total transform 65->iterations: 5#
  0.979999 -0.0201477   0.197978    317.623
 0.0226525   0.999689 -0.0103951     5.8831
 -0.197707  0.0146719   0.980151    899.332
         0          0          0          1

<-Total transform 66->iterations: 41#
   0.980138  -0.0186445    0.197438     327.208
  0.0209009    0.999738 -0.00935089     2.02939
  -0.197212   0.0132918    0.980271     918.632
          0           0           0           1

<-Total transform 67->iterations: 5#
  0.980614 -0.0158766   0.195306    338.779
 0.0178987   0.999803 -0.0085929  -0.470147
 -0.195131   0.011922   0.980705    933.062
         0          0          0          1

<-Total transform 68->iterations: 44#
   0.981307  -0.0127593    0.192024     335.519
  0.0146867    0.999855 -0.00861764     3.71633
  -0.191886   0.0112768    0.981352     967.425
          0           0           0           1

<-Total transform 69->iterations: 10#
   0.981693  -0.0100741    0.190204      329.88
  0.0118452    0.999896 -0.00817699     7.33318
  -0.190102   0.0102803     0.98171     998.881
          0           0           0           1

<-Total transform 70->iterations: 5#
   0.981801 -0.00920959    0.189687     333.392
  0.0110329    0.999903 -0.00855823     2.85294
   -0.18959   0.0104953    0.981807      1038.9
          0           0           0           1

<-Total transform 71->iterations: 15#
   0.981646 -0.00718769    0.190576      337.15
 0.00902628    0.999921 -0.00878125     2.31377
  -0.190498   0.0103403    0.981633     1072.76
          0           0           0           1

<-Total transform 72->iterations: 4#
   0.981504 -0.00575407    0.191355     342.038
 0.00736194    0.999943  -0.0076927    -0.16683
    -0.1913  0.00895916    0.981491     1102.62
          0           0           0           1

<-Total transform 73->iterations: 33#
   0.981369 -0.00417122    0.192086     351.844
  0.0056448    0.999959 -0.00712484    -6.19621
  -0.192048  0.00807638    0.981352     1134.23
          0           0           0           1

<-Total transform 74->iterations: 6#
   0.980557 -0.00204425    0.196224     360.047
 0.00364188    0.999963 -0.00778141    -2.62792
  -0.196201  0.00834474    0.980528     1164.65
          0           0           0           1

<-Total transform 75->iterations: 33#
   0.979843 0.000601056    0.199766     370.784
 0.00151961    0.999944  -0.0104622    -3.94719
  -0.199761   0.0105549    0.979788     1186.86
          0           0           0           1

<-Total transform 76->iterations: 8#
   0.979563  0.00325294     0.20111     375.638
-0.00132328    0.999952 -0.00972874     1.53193
  -0.201132   0.0092638     0.97952     1217.54
          0           0           0           1

<-Total transform 77->iterations: 20#
   0.978621  0.00839385    0.205502     389.612
-0.00589104    0.999901  -0.0127878    -14.9542
  -0.205589   0.0113038    0.978573     1218.93
          0           0           0           1

<-Total transform 78->iterations: 20#
    0.97844  0.00847532    0.206359     396.823
-0.00565643    0.999883  -0.0142463    -19.1648
  -0.206456   0.0127719    0.978373     1251.02
          0           0           0           1

<-Total transform 79->iterations: 23#
  0.978334 0.00822361    0.20687    398.471
-0.0051534   0.999869 -0.0153758   -19.8627
 -0.206969  0.0139765   0.978248    1249.48
         0          0          0          1

<-Total transform 80->iterations: 2#
   0.978136  0.00732804    0.207835     399.632
-0.00386833    0.999847   -0.017048    -19.6519
  -0.207928   0.0158713    0.978015     1246.09
          0           0           0           1

<-Total transform 81->iterations: 39#
    0.977729   0.00486762     0.209815      402.727
-0.000978242     0.999826    -0.018637     -20.5585
   -0.209869    0.0180167     0.977563      1259.19
           0            0            0            1

<-Total transform 82->iterations: 2#
   0.977569  0.00289018    0.210594     404.315
0.000805937    0.999847  -0.0174629     -8.2285
  -0.210612    0.017241    0.977418     1278.33
          0           0           0           1

<-Total transform 83->iterations: 2#
   0.977131 0.000593093    0.212639     406.845
  0.0027063     0.99988   -0.015225     6.13065
  -0.212622   0.0154523    0.977012     1300.32
          0           0           0           1

<-Total transform 84->iterations: 9#
     0.97642 2.41484e-005     0.215878      410.225
  0.00333303     0.999879   -0.0151872      6.54772
   -0.215853    0.0155486     0.976302      1298.03
           0            0            0            1

<-Total transform 85->iterations: 5#
   0.975462 -0.00191792    0.220161     415.776
 0.00508935    0.999891  -0.0138388      8.8525
   -0.22011   0.0146197    0.975365     1290.57
          0           0           0           1

<-Total transform 86->iterations: 2#
   0.974849 -0.00745677    0.222744     419.288
  0.0100996    0.999891  -0.0107281     27.2413
  -0.222639   0.0127079    0.974818     1305.01
          0           0           0           1

<-Total transform 87->iterations: 88#
   0.974057  -0.0111518    0.226027     429.825
  0.0136184    0.999863 -0.00935654     31.3922
  -0.225891   0.0121919    0.974076     1333.08
          0           0           0           1

<-Total transform 88->iterations: 150#
  0.973737  -0.012902   0.227308    432.941
 0.0151846    0.99985 -0.0082962    40.2904
 -0.227167  0.0115299   0.973787     1356.4
         0          0          0          1

<-Total transform 89->iterations: 45#
   0.974379  -0.0123724     0.22457     436.237
  0.0145313    0.999863 -0.00796338     39.0201
  -0.224441   0.0110227    0.974425     1374.93
          0           0           0           1

<-Total transform 90->iterations: 5#
  0.973595 -0.0113302      0.228    456.395
 0.0141424   0.999843  -0.010704    27.3285
 -0.227843  0.0136459   0.973602    1385.96
         0          0          0          1

<-Total transform 91->iterations: 28#
  0.971066 -0.0121324   0.238504    470.858
  0.016334   0.999744 -0.0156482    8.93886
 -0.238253  0.0190912   0.971015    1392.53
         0          0          0          1

<-Total transform 92->iterations: 5#
  0.970333 -0.0165733   0.241204    475.305
 0.0206588   0.999683 -0.0144186    15.3305
 -0.240889  0.0189738   0.970367    1417.05
         0          0          0          1

<-Total transform 93->iterations: 13#
  0.970169  -0.018839   0.241697    479.152
 0.0226395    0.99966 -0.0129566    19.6076
 -0.241371   0.018042   0.970265    1413.07
         0          0          0          1

<-Total transform 94->iterations: 8#
  0.968833 -0.0142243   0.247305    489.814
 0.0192061   0.999658 -0.0177436    13.4946
 -0.246968  0.0219404   0.968775    1417.11
         0          0          0          1

<-Total transform 95->iterations: 4#
   0.967204 -0.00842824    0.253861     506.257
  0.0149464    0.999606  -0.0237583   -0.649455
  -0.253561   0.0267734    0.966949     1429.12
          0           0           0           1

<-Total transform 96->iterations: 2#
  0.967916 -0.0104928   0.251055    502.035
  0.016486   0.999627 -0.0217807    2.55041
 -0.250732  0.0252208   0.967728     1431.1
         0          0          0          1

<-Total transform 97->iterations: 10#
  0.967612 -0.0082386   0.252307    511.692
 0.0143221   0.999649 -0.0222844   -1.11032
 -0.252035  0.0251762   0.967391    1428.21
         0          0          0          1

<-Total transform 98->iterations: 29#
  0.966343 -0.0036535   0.257231     525.04
0.00957284   0.999717 -0.0217633   -2.53038
 -0.257078  0.0234932   0.966105    1452.89
         0          0          0          1

<-Total transform 99->iterations: 48#
   0.965601 -0.00258668    0.260017     537.061
 0.00785194    0.999785   -0.019213     1.51421
  -0.259911   0.0205938    0.965413     1479.29
          0           0           0           1

<-Total transform 100->iterations: 2#
    0.96449 -0.00745125    0.264016     550.188
  0.0129519    0.999734  -0.0191001     17.5347
  -0.263803   0.0218414    0.964329     1490.54
          0           0           0           1

<-Total transform 101->iterations: 30#
    0.96405 -0.00669475    0.265635     564.655
   0.011711    0.999782  -0.0173046     19.0489
  -0.265461   0.0197934    0.963918     1495.47
          0           0           0           1

<-Total transform 102->iterations: 47#
    0.963829 -0.000140864      0.26652      573.569
  0.00438138     0.999873   -0.0153161      19.1848
   -0.266484    0.0159299     0.963708      1522.29
           0            0            0            1

<-Total transform 103->iterations: 6#
   0.962424  0.00867419    0.271413     601.586
-0.00377889    0.999821  -0.0185538     5.20384
  -0.271525    0.016831    0.962284     1527.81
          0           0           0           1

<-Total transform 104->iterations: 54#
   0.959221   0.0142118    0.282301     647.656
-0.00670123    0.999598  -0.0275526    -25.3865
  -0.282579   0.0245372     0.95893     1549.08
          0           0           0           1

<-Total transform 105->iterations: 3#
   0.957519   0.0100711    0.288194     660.035
0.000134309    0.999374  -0.0353699    -32.3874
   -0.28837   0.0339061    0.956919     1576.59
          0           0           0           1

<-Total transform 106->iterations: 11#
    0.956287    0.0121401     0.292177      677.374
-0.000373726     0.999188   -0.0402938     -47.2447
   -0.292428    0.0384232     0.955515      1607.43
           0            0            0            1

<-Total transform 107->iterations: 8#
   0.954121   0.0158381    0.299001     694.087
-0.00191585    0.998903  -0.0467984    -67.6472
  -0.299414   0.0440785    0.953105     1627.47
          0           0           0           1

<-Total transform 108->iterations: 19#
  0.952004  0.0107237   0.305896    708.829
0.00513657   0.998686 -0.0509965   -67.1663
 -0.306041  0.0501201   0.950698    1592.26
         0          0          0          1

<-Total transform 109->iterations: 2#
  0.949036 0.00440545   0.315136    723.721
 0.0119642   0.998678 -0.0499913   -64.0987
  -0.31494  0.0512139   0.947729    1585.67
         0          0          0          1

<-Total transform 110->iterations: 2#
  0.945901  -0.001166   0.324455      738.3
 0.0184028   0.998577 -0.0500621        -63
 -0.323934  0.0533246   0.944576    1578.47
         0          0          0          1

<-Total transform 111->iterations: 4#
    0.94334 -0.00613775    0.331771     755.679
  0.0255559    0.998203  -0.0541978    -67.1894
  -0.330842   0.0596056    0.941802     1563.81
          0           0           0           1

<-Total transform 112->iterations: 6#
  0.941007 -0.0127125   0.338147    768.761
 0.0329161   0.997994 -0.0540807   -63.6274
 -0.336782  0.0620209   0.939538    1570.65
         0          0          0          1

<-Total transform 113->iterations: 15#
  0.938271 -0.0177699   0.345445    780.613
 0.0386082   0.997819 -0.0535362   -61.5874
  -0.34374  0.0635685   0.936911    1564.78
         0          0          0          1

<-Total transform 114->iterations: 2#
  0.934894 -0.0225269   0.354212     794.37
 0.0443686   0.997573 -0.0536619   -60.6817
 -0.352143  0.0658841   0.933624     1557.4
         0          0          0          1

<-Total transform 115->iterations: 4#
  0.932327 -0.0303522   0.360341    805.964
 0.0522453   0.997322 -0.0511703   -51.8969
 -0.357823  0.0665336   0.931416    1550.03
         0          0          0          1

<-Total transform 116->iterations: 4#
  0.929878 -0.0366227   0.366041    822.591
 0.0592041    0.99696 -0.0506534   -44.4129
 -0.363073  0.0687726   0.929219     1556.1
         0          0          0          1

<-Total transform 117->iterations: 2#
  0.928694 -0.0402372   0.368657    840.179
 0.0635618   0.996656   -0.05134   -36.8678
 -0.365358  0.0711116   0.928147     1556.3
         0          0          0          1

<-Total transform 118->iterations: 3#
  0.928753 -0.0402794   0.368505    843.066
 0.0635555   0.996662 -0.0512405   -36.0455
 -0.365211  0.0710103   0.928212    1569.87
         0          0          0          1

<-Total transform 119->iterations: 29#
  0.927716 -0.0380012   0.371347    856.929
 0.0619903   0.996675 -0.0528738   -42.8022
 -0.368103  0.0720718   0.926988    1555.77
         0          0          0          1

<-Total transform 120->iterations: 7#
  0.925639 -0.0410495   0.376176    865.447
 0.0676999   0.996024 -0.0578967   -47.2179
 -0.372304  0.0790585   0.924738    1579.92
         0          0          0          1

<-Total transform 121->iterations: 26#
  0.925277 -0.0405632   0.377118    866.634
 0.0682692   0.995838 -0.0603884   -58.2885
 -0.373098  0.0816215   0.924195    1597.81
         0          0          0          1

<-Total transform 122->iterations: 3#
  0.924199 -0.0379299   0.380024    880.263
  0.067297    0.99566 -0.0642866   -83.8378
 -0.375936   0.084988    0.92274    1625.53
         0          0          0          1

<-Total transform 123->iterations: 6#
  0.923382 -0.0343872   0.382338    891.165
 0.0652824   0.995539 -0.0681253   -93.8548
  -0.37829  0.0878657   0.921508    1658.99
         0          0          0          1

<-Total transform 124->iterations: 4#
  0.922082 -0.0329915   0.385585    911.087
 0.0635653   0.995739 -0.0668115   -92.8253
 -0.381738  0.0861156    0.92025    1655.56
         0          0          0          1

<-Total transform 125->iterations: 26#
  0.920693 -0.0315887   0.389007     925.96
 0.0613415   0.996044 -0.0642996   -88.6607
 -0.385436  0.0830624   0.918988    1677.88
         0          0          0          1

<-Total transform 126->iterations: 16#
  0.919823 -0.0271362   0.391395    930.255
 0.0565175   0.996365 -0.0637426   -85.2147
 -0.388242  0.0807525   0.918013    1644.82
         0          0          0          1

<-Total transform 127->iterations: 77#
  0.918481 -0.0249869   0.394675    938.676
 0.0544044   0.996497 -0.0635207   -89.0543
 -0.391705  0.0798146   0.916622    1631.05
         0          0          0          1

<-Total transform 128->iterations: 27#
  0.916578 -0.0243956    0.39911    950.848
 0.0540183   0.996542 -0.0631425    -89.793
 -0.396189  0.0794343   0.914726     1617.5
         0          0          0          1

<-Total transform 129->iterations: 4#
  0.915073  -0.025899   0.402455    956.582
 0.0551751   0.996592 -0.0613199   -86.2028
 -0.399496  0.0783177   0.913384    1612.86
         0          0          0          1

<-Total transform 130->iterations: 46#
  0.913648 -0.0250801   0.405731    972.001
 0.0548136    0.99658  -0.061829   -87.6868
 -0.402793  0.0787296   0.911899    1603.18
         0          0          0          1

<-Total transform 131->iterations: 45#
  0.911992 -0.0235803    0.40953    997.823
 0.0544268   0.996476 -0.0638283   -102.155
 -0.406582  0.0805003   0.910061    1622.94
         0          0          0          1

<-Total transform 132->iterations: 26#
  0.910176  -0.024628    0.41349    1006.05
 0.0557923   0.996424 -0.0634619   -95.8418
 -0.410448   0.080831   0.908295    1640.46
         0          0          0          1

<-Total transform 133->iterations: 7#
 0.907173  -0.02739  0.419866   1016.05
0.0585173  0.996394 -0.061434  -86.1335
 -0.41667 0.0803006  0.905504   1657.71
        0         0         0         1

<-Total transform 134->iterations: 2#
  0.903161 -0.0306377   0.428207    1041.02
 0.0626604   0.996176 -0.0608863   -73.3091
 -0.424704  0.0818218   0.901627    1658.85
         0          0          0          1

<-Total transform 135->iterations: 20#
  0.901222 -0.0303285   0.432296    1058.09
 0.0635183   0.996019 -0.0625412   -80.7219
 -0.428678  0.0838221    0.89956    1672.36
         0          0          0          1

<-Total transform 136->iterations: 55#
  0.898219 -0.0279259    0.43866    1071.88
 0.0622038   0.996012 -0.0639632    -89.015
 -0.435125  0.0847393   0.896374     1678.8
         0          0          0          1

<-Total transform 137->iterations: 30#
  0.895764 -0.0278997   0.443653    1082.09
 0.0618427   0.996145 -0.0622205   -82.9206
 -0.440207  0.0831717   0.894036    1693.59
         0          0          0          1

<-Total transform 138->iterations: 23#
   0.89352 -0.0267028   0.448229    1106.69
 0.0610085   0.996193 -0.0622697   -87.6331
  -0.44486  0.0829849   0.891747    1711.46
         0          0          0          1

<-Total transform 139->iterations: 20#
 0.889656 -0.023574  0.456022   1136.97
0.0597302  0.996094 -0.065035   -95.335
-0.452707 0.0850971  0.887589   1723.98
        0         0         0         1

<-Total transform 140->iterations: 10#
  0.886136 -0.0230957   0.462849    1156.06
 0.0590847   0.996237 -0.0634079   -85.7327
 -0.459643  0.0835353   0.884166    1744.03
         0          0          0          1

<-Total transform 141->iterations: 17#
  0.884105  -0.023398   0.466703     1169.7
 0.0583154   0.996462 -0.0605132   -70.6726
 -0.463636   0.080716   0.882341    1765.83
         0          0          0          1

<-Total transform 142->iterations: 18#
  0.880614 -0.0213779   0.473352    1205.45
 0.0578376   0.996361 -0.0626016    -87.704
 -0.470291  0.0825054   0.878646    1771.77
         0          0          0          1

<-Total transform 143->iterations: 2#
  0.878874 -0.0209212   0.476595    1223.19
 0.0585811    0.99621 -0.0642967    -97.274
 -0.473444  0.0844281   0.876769    1769.15
         0          0          0          1

<-Total transform 144->iterations: 4#
  0.876554 -0.0191292   0.480923    1251.47
 0.0614594   0.995479 -0.0724227   -132.514
 -0.477363  0.0930396   0.873766    1781.36
         0          0          0          1

<-Total transform 145->iterations: 29#
  0.873787 -0.0181708    0.48597    1277.41
 0.0656968   0.994552 -0.0809374   -162.673
 -0.481852   0.102649    0.87022    1781.01
         0          0          0          1

<-Total transform 146->iterations: 4#
  0.873369 -0.0197327    0.48666    1294.92
 0.0696857   0.993962 -0.0847568   -184.572
 -0.482049   0.107937    0.86947     1805.3
         0          0          0          1

<-Total transform 147->iterations: 34#
  0.871533 -0.0226887   0.489811    1318.98
 0.0751414    0.99331 -0.0876894   -194.499
 -0.484545   0.113229   0.867407    1817.89
         0          0          0          1

<-Total transform 148->iterations: 2#
  0.870054 -0.0260362   0.492269    1331.95
 0.0793023    0.99299 -0.0876423   -192.969
 -0.486536   0.115292    0.86602    1817.93
         0          0          0          1

<-Total transform 149->iterations: 36#
  0.869247 -0.0249658   0.493748    1340.38
 0.0802637   0.992601  -0.091115   -209.031
  -0.48782   0.118831   0.864818    1827.82
         0          0          0          1

<-Total transform 150->iterations: 5#
  0.864453 -0.0256313   0.502059    1356.37
 0.0834757   0.992153  -0.093078   -211.817
 -0.495734   0.122371    0.85981    1843.02
         0          0          0          1

<-Total transform 151->iterations: 2#
  0.862845 -0.0280926   0.504687     1366.9
  0.087818   0.991602 -0.0949433   -200.848
 -0.497782   0.126242   0.858065    1853.53
         0          0          0          1

<-Total transform 152->iterations: 24#
  0.863021  -0.028347   0.504372    1379.32
 0.0888962   0.991366 -0.0963911   -209.375
 -0.497285   0.128024   0.858089    1878.25
         0          0          0          1

<-Total transform 153->iterations: 5#
  0.862686 -0.0273851   0.504997    1390.77
  0.089048   0.991158 -0.0983718   -222.086
 -0.497838   0.129833   0.857497    1905.48
         0          0          0          1

<-Total transform 154->iterations: 63#
  0.861885 -0.0270128   0.506384     1404.3
 0.0893579   0.991045 -0.0992236   -227.403
 -0.499169   0.130769    0.85658    1922.14
         0          0          0          1

<-Total transform 155->iterations: 8#
  0.861784 -0.0298868   0.506394    1404.79
 0.0896407   0.991525 -0.0940325   -211.293
 -0.499292   0.126429    0.85716     1954.6
         0          0          0          1

<-Total transform 156->iterations: 3#
  0.861714  -0.030807   0.506458    1405.75
 0.0892376   0.991798 -0.0915043   -193.382
 -0.499485   0.124046   0.857396    1974.78
         0          0          0          1

<-Total transform 157->iterations: 4#
  0.860033 -0.0297196   0.509373    1432.86
 0.0916461   0.991065 -0.0969124   -216.565
 -0.501941    0.13003   0.855072    2000.93
         0          0          0          1

<-Total transform 158->iterations: 3#
  0.859021 -0.0347811   0.510758    1433.24
 0.0979868   0.990414 -0.0973553   -209.818
 -0.502476   0.133678   0.854194    2021.85
         0          0          0          1

<-Total transform 159->iterations: 2#
  0.857684 -0.0374095   0.512815    1432.68
  0.101609   0.990013 -0.0977198   -200.462
 -0.504038   0.135919    0.85292    2019.97
         0          0          0          1

<-Total transform 160->iterations: 24#
  0.855699 -0.0311538   0.516535    1443.63
 0.0972994   0.990069  -0.101473   -212.373
 -0.508244   0.137089   0.850232    2039.58
         0          0          0          1

<-Total transform 161->iterations: 28#
  0.854564 -0.0278638   0.518598    1467.53
 0.0936336   0.990463  -0.101076   -219.737
 -0.510836   0.134934   0.849023    2044.82
         0          0          0          1

<-Total transform 162->iterations: 2#
 0.852925 -0.029169  0.521218   1476.24
0.0954433  0.990322 -0.100763  -212.224
-0.513234   0.13569  0.847454   2060.49
        0         0         0         1

<-Total transform 163->iterations: 10#
 0.851091 -0.030254  0.524147   1494.01
0.0987492  0.989745 -0.103217  -217.722
-0.515649  0.139606   0.84535    2080.9
        0         0         0         1

<-Total transform 164->iterations: 7#
  0.849047 -0.0306555   0.527427    1500.73
 0.0995317    0.98972    -0.1027   -210.468
 -0.518856   0.139693   0.843371    2105.25
         0          0          0          1

<-Total transform 165->iterations: 54#
  0.844384 -0.0296861   0.534916    1526.93
  0.100131   0.989614  -0.103141   -211.337
 -0.526298   0.140652   0.838586    2111.63
         0          0          0          1

<-Total transform 166->iterations: 5#
   0.84091 -0.0278366   0.540459    1551.81
  0.101075   0.989182  -0.106316   -217.769
 -0.531652   0.144029   0.834626    2094.54
         0          0          0          1

<-Total transform 167->iterations: 4#
  0.837325 -0.0261962   0.546078    1579.49
  0.100586   0.989182  -0.106781   -226.614
 -0.537373   0.144338   0.830901    2101.56
         0          0          0          1

<-Total transform 168->iterations: 8#
  0.830982 -0.0228054   0.555831    1614.69
 0.0989222   0.989293  -0.107301   -227.257
 -0.547433   0.144149   0.824341    2106.74
         0          0          0          1

<-Total transform 169->iterations: 2#
  0.822806 -0.0235644   0.567834    1651.67
  0.101607   0.989142  -0.106183   -219.463
 -0.559166   0.145064   0.816266    2093.79
         0          0          0          1

<-Total transform 170->iterations: 2#
  0.818276 -0.0326203   0.573899    1673.12
  0.108842    0.98912 -0.0989682   -195.348
 -0.564427   0.143448   0.812924    2085.84
         0          0          0          1

<-Total transform 171->iterations: 28#
  0.814018 -0.0318802   0.579963       1699
  0.110519   0.988752  -0.100769   -199.709
 -0.570228   0.146125   0.808386     2079.7
         0          0          0          1

<-Total transform 172->iterations: 2#
 0.808979  -0.03087  0.587026   1721.41
 0.111689  0.988501 -0.101936  -202.538
-0.577129  0.148029  0.803125   2071.12
        0         0         0         1

<-Total transform 173->iterations: 3#
  0.805805 -0.0340665   0.591201    1739.39
  0.115619   0.988181  -0.100647   -195.407
 -0.580785   0.149456    0.80022    2075.32
         0          0          0          1

<-Total transform 174->iterations: 12#
  0.803376 -0.0372445   0.594306    1751.79
  0.119786   0.987748  -0.100025    -182.12
   -0.5833   0.151547   0.797994    2061.77
         0          0          0          1

<-Total transform 175->iterations: 18#
 0.801918 -0.034014  0.596465   1765.76
 0.118986   0.98747  -0.10366  -188.108
-0.585465  0.154098  0.795917   2075.07
        0         0         0         1

<-Total transform 176->iterations: 28#
 0.799315 -0.026075  0.600346   1782.45
  0.11872  0.986219 -0.115232  -222.307
-0.589068   0.16338  0.791395   2089.83
        0         0         0         1

<-Total transform 177->iterations: 7#
 0.796541 -0.022502  0.604166   1804.07
 0.118083  0.985852 -0.118964  -244.496
-0.592941  0.166101  0.787929   2121.55
        0         0         0         1

<-Total transform 178->iterations: 4#
  0.793078 -0.0187163   0.608833    1829.17
  0.116727   0.985673   -0.12175   -264.752
 -0.597831   0.167625     0.7839    2134.63
         0          0          0          1

<-Total transform 179->iterations: 17#
   0.79085 -0.0176549   0.611755    1854.59
  0.118155   0.985183  -0.124313   -274.102
 -0.600496   0.170595   0.781218    2142.75
         0          0          0          1

<-Total transform 180->iterations: 3#
  0.788102 -0.0137051   0.615392    1897.91
  0.120024   0.983984  -0.131795   -322.737
  -0.60373    0.17773   0.777125     2155.7
         0          0          0          1

<-Total transform 181->iterations: 78#
  0.784847 -0.0113287   0.619586    1920.98
  0.118456   0.984139  -0.132058   -326.951
 -0.608262   0.177039    0.77374    2153.02
         0          0          0          1

<-Total transform 182->iterations: 2#
  0.779978 -0.0120293   0.625691    1948.33
  0.121187   0.983793  -0.132156   -328.864
 -0.613961   0.178904   0.768795    2140.27
