<-One step transform 33->iterations: 2, Init error: 1244.45, SBA error1193.45#
   0.999999 -0.00054806  0.00147712     64.5298
0.000550215    0.999999 -0.00145918     21.4536
-0.00147632  0.00145999    0.999998    -157.577
          0           0           0           1

<-One step transform 65->iterations: 27, Init error: 260.595, SBA error84.107#
           1  0.000651604  0.000606753     -74.5976
-0.000651472            1 -0.000219122      11.0981
-0.000606895  0.000218726            1     -137.634
           0            0            0            1

<-One step transform 97->iterations: 21, Init error: 112.106, SBA error63.2018#
            1 -5.05495e-005   0.000698976      -35.3233
 5.03973e-005             1   0.000217794     -0.595598
 -0.000698987  -0.000217758             1      -89.3992
            0             0             0             1

<-One step transform 129->iterations: 3, Init error: 562.527, SBA error503.552#
    0.999998  0.000248034   0.00209863      10.4783
-0.000244877     0.999999  -0.00150436    -0.526484
   -0.002099   0.00150384     0.999997      2.02763
           0            0            0            1

<-One step transform 161->iterations: 2, Init error: 147.174, SBA error122.547#
    0.999979  0.000226432   0.00642166     -19.9366
 -0.00022375            1 -0.000418419   -0.0882875
 -0.00642175  0.000416973     0.999979     -54.0929
           0            0            0            1

<-One step transform 193->iterations: 2, Init error: 584.769, SBA error324.712#
     0.999997 -8.80841e-005    0.00236793       39.3013
 8.77314e-005             1    0.00014906       1.41019
  -0.00236794  -0.000148852      0.999997      -188.861
            0             0             0             1

<-One step transform 225->iterations: 4, Init error: 2756.31, SBA error1228.2#
    0.999991   0.00126693   0.00414759     -194.333
  -0.0012656     0.999999 -0.000324939       83.001
 -0.00414799  0.000319687     0.999991     -43.5323
           0            0            0            1

<-One step transform 257->iterations: 3, Init error: 380.232, SBA error215.771#
    0.999985  0.000803393   0.00537588     -35.1315
-0.000807673     0.999999  0.000793992      1.42694
 -0.00537524 -0.000798322     0.999985     -128.522
           0            0            0            1

<-One step transform 289->iterations: 13, Init error: 5003.36, SBA error3430.39#
    0.999989  -0.00169722   0.00427592     -105.145
  0.00169639     0.999999  0.000198908     -19.6804
 -0.00427625 -0.000191652     0.999991     -109.234
           0            0            0            1

<-One step transform 321->iterations: 18, Init error: 349.971, SBA error344.812#
    0.99999 -0.00131403  0.00435643     7.09352
 0.00132107    0.999998 -0.00161322  0.00182056
 -0.0043543  0.00161896    0.999989    -7.38573
          0           0           0           1

<-One step transform 353->iterations: 4, Init error: 1068.9, SBA error75.81#
    0.999996  0.000514404   0.00284137     -156.991
-0.000512091            1 -0.000814452     -10.9337
 -0.00284179  0.000812994     0.999996      119.597
           0            0            0            1

<-One step transform 385->iterations: 2, Init error: 1224.96, SBA error1210.6#
    0.999995  0.000741074   0.00313396      12.6213
-0.000737736     0.999999  -0.00106635      0.11669
 -0.00313475   0.00106404     0.999995      25.1745
           0            0            0            1

<-One step transform 417->iterations: 5, Init error: 850.061, SBA error690.439#
    0.999987  0.000877826   0.00495768     -98.1379
-0.000867371     0.999997  -0.00211068      84.5945
 -0.00495952   0.00210635     0.999985      116.456
           0            0            0            1

<-One step transform 449->iterations: 4, Init error: 2378.74, SBA error1519.8#
   0.999985 -0.00131161  0.00535939     98.8252
 0.00131941    0.999998 -0.00145125     65.9091
-0.00535748  0.00145829    0.999985     154.248
          0           0           0           1

