<-Total transform 3->iterations: 2, Init error: 8.40549, SBA error7.18853#
   0.999999 -0.00054806  0.00147712    0.865959
0.000550215    0.999999 -0.00145918     1.39865
-0.00147632  0.00145999    0.999998    -3.30517
          0           0           0           1

<-Total transform 5->iterations: 18, Init error: 7.78399, SBA error5.83991#
    0.999998   0.00010443   0.00208292      2.10005
-0.000100932     0.999999  -0.00167927    -0.406892
 -0.00208309   0.00167905     0.999996     -9.49039
           0            0            0            1

<-Total transform 7->iterations: 2, Init error: 9.94371, SBA error6.9958#
     0.999996  5.50538e-005    0.00278198       5.21784
-5.09885e-005      0.999999   -0.00146137    -0.0901522
  -0.00278206    0.00146122      0.999995      -13.1987
            0             0             0             1

<-Total transform 9->iterations: 22, Init error: 8.54557, SBA error6.62226#
   0.999988 0.000306154  0.00488023      9.6661
-0.00029168    0.999996  -0.0029664    -1.28179
-0.00488112  0.00296494    0.999984    -20.4425
          0           0           0           1

<-Total transform 11->iterations: 4, Init error: 11.9308, SBA error8.01463#
    0.999936  0.000551619     0.011301      17.9576
-0.000513384     0.999994   -0.0033859     -2.36189
  -0.0113028   0.00337989      0.99993      -37.906
           0            0            0            1

<-Total transform 13->iterations: 2, Init error: 9.30626, SBA error6.71564#
    0.999906  0.000471537     0.013669      21.5832
-0.000427343     0.999995  -0.00323586     -1.94619
  -0.0136705   0.00322972     0.999901     -48.7796
           0            0            0            1

<-Total transform 15->iterations: 26, Init error: 11.0368, SBA error5.53946#
    0.99984  0.00175185    0.017812     32.6532
-0.00168838    0.999992 -0.00357807    -15.3578
 -0.0178181  0.00354742    0.999835    -91.0826
          0           0           0           1

<-Total transform 17->iterations: 11, Init error: 20.3386, SBA error9.39881#
   0.999728  0.00257429   0.0231839     48.3051
-0.00251007    0.999993 -0.00279859    -34.6561
 -0.0231909  0.00273964    0.999727    -155.829
          0           0           0           1

<-Total transform 19->iterations: 2, Init error: 90.8033, SBA error76.6476#
    0.999622  0.000888762    0.0274631      52.7081
-0.000818752     0.999996   -0.0025604     -27.7214
  -0.0274653   0.00253695      0.99962     -177.992
           0            0            0            1

<-Total transform 21->iterations: 2, Init error: 14.9277, SBA error14.1673#
    0.999493 -0.000414225     0.031821      59.9084
 0.000546132     0.999991  -0.00413673     -19.9834
   -0.031819   0.00415201     0.999485      -204.66
           0            0            0            1

<-Total transform 23->iterations: 5, Init error: 13.8101, SBA error7.26329#
    0.999399  0.000111973    0.0346586      67.5353
6.02154e-005     0.999988  -0.00496705     -27.6819
  -0.0346587   0.00496615     0.999387     -244.896
           0            0            0            1

<-Total transform 25->iterations: 5, Init error: 21.1625, SBA error4.85636#
    0.999285  0.000868602    0.0377868      85.5098
-0.000640119     0.999981  -0.00605832      -41.852
  -0.0377914    0.0060298     0.999267      -276.05
           0            0            0            1

<-Total transform 27->iterations: 4, Init error: 23.673, SBA error11.786#
  0.999085 0.00177629   0.042735    98.2085
-0.0014271   0.999965 -0.0082002   -60.0235
-0.0427481 0.00813171   0.999053   -317.505
         0          0          0          1

<-Total transform 29->iterations: 5, Init error: 8.16764, SBA error6.06127#
     0.998842   0.000508281     0.0480995       98.4655
-4.68612e-005      0.999954   -0.00959367      -58.3422
   -0.0481021    0.00958031      0.998796      -328.197
            0             0             0             1

<-Total transform 31->iterations: 2, Init error: 11.3061, SBA error11.2029#
   0.998328 0.000239493   0.0577975     94.5491
0.000387611    0.999941  -0.0108386    -55.6291
 -0.0577967   0.0108428    0.998269    -347.166
          0           0           0           1

<-Total transform 33->iterations: 4, Init error: 367.791, SBA error139.977#
   0.997852 -0.00114557   0.0655021     96.4945
 0.00194959    0.999924  -0.0122121    -52.9252
 -0.0654831   0.0123136    0.997778    -327.364
          0           0           0           1

<-Total transform 35->iterations: 5, Init error: 7.80415, SBA error6.2154#
   0.997162 -0.00502039   0.0751147      90.776
 0.00601262    0.999898  -0.0129892    -51.4389
 -0.0750418    0.013404     0.99709    -329.944
          0           0           0           1

<-Total transform 37->iterations: 2, Init error: 7.71777, SBA error7.52493#
   0.996642 -0.00600563   0.0816592     88.0332
   0.007027    0.999901  -0.0122262    -50.7013
 -0.0815776   0.0127589    0.996585    -332.894
          0           0           0           1

<-Total transform 39->iterations: 3, Init error: 7.16821, SBA error6.85843#
   0.996078 -0.00628912   0.0882512     86.3274
 0.00745488    0.999889  -0.0128862    -50.0046
 -0.0881604   0.0134935    0.996015    -338.472
          0           0           0           1

<-Total transform 41->iterations: 2, Init error: 11.2762, SBA error8.79203#
  0.995422 -0.0082642  0.0952238    80.5521
0.00968132   0.999849 -0.0144296   -48.1876
-0.0950902  0.0152854   0.995351   -336.752
         0          0          0          1

<-Total transform 43->iterations: 10, Init error: 12.0902, SBA error8.52319#
  0.994618 -0.0098415   0.103137    72.5574
 0.0115038   0.999813 -0.0155353   -46.6914
 -0.102965  0.0166381   0.994546   -333.632
         0          0          0          1

<-Total transform 45->iterations: 2, Init error: 11.1476, SBA error9.92912#
  0.993733 -0.0109316    0.11124    65.5531
  0.012883   0.999775 -0.0168391   -45.2267
 -0.111031  0.0181667   0.993651   -346.599
         0          0          0          1

<-Total transform 47->iterations: 21, Init error: 9.84632, SBA error7.16677#
  0.992946 -0.0121378   0.117946    59.4482
 0.0143601   0.999735 -0.0180097   -43.7028
 -0.117696  0.0195764   0.992857   -347.219
         0          0          0          1

<-Total transform 49->iterations: 2, Init error: 14.2579, SBA error12.7748#
  0.992174 -0.0138684   0.124092    52.4063
 0.0164319   0.999672  -0.019658   -37.3261
 -0.123779  0.0215432   0.992076   -354.927
         0          0          0          1

<-Total transform 51->iterations: 2, Init error: 18.9634, SBA error16.2808#
  0.990943 -0.0152566   0.133416    43.1454
 0.0184354   0.999574 -0.0226233   -34.9142
 -0.133014   0.024878   0.990802    -356.93
         0          0          0          1

<-Total transform 53->iterations: 2, Init error: 12.8437, SBA error11.8546#
  0.990577 -0.0176052   0.135824    38.0889
 0.0208335   0.999532 -0.0223833   -35.4898
 -0.135366   0.025002    0.99048   -356.706
         0          0          0          1

<-Total transform 55->iterations: 37, Init error: 11.8331, SBA error9.47472#
  0.990161 -0.0189479   0.138647    34.2376
 0.0222405   0.999505 -0.0222369   -35.3456
 -0.138157  0.0251017   0.990092   -359.826
         0          0          0          1

<-Total transform 57->iterations: 6, Init error: 23.6698, SBA error8.65544#
  0.989965 -0.0164991   0.140343     29.415
  0.020203   0.999483 -0.0250076   -29.7498
 -0.139858   0.027592   0.989787   -357.103
         0          0          0          1

<-Total transform 59->iterations: 20, Init error: 9.4247, SBA error6.64329#
   0.98949 -0.0143393   0.143885    26.6703
 0.0183632   0.999475 -0.0266771   -32.4936
 -0.143427  0.0290389   0.989235   -408.745
         0          0          0          1

<-Total transform 61->iterations: 2, Init error: 10.3565, SBA error9.52105#
  0.988909 -0.0142773   0.147833     22.386
 0.0183532   0.999487 -0.0262438   -32.6643
 -0.147382  0.0286659   0.988664   -422.882
         0          0          0          1

<-Total transform 63->iterations: 16, Init error: 12.0915, SBA error11.8895#
  0.988542 -0.0127739   0.150404    21.3392
 0.0170515   0.999485 -0.0271855   -32.5334
 -0.149979  0.0294386   0.988251   -440.436
         0          0          0          1

<-Total transform 65->iterations: 13, Init error: 13.9208, SBA error10.9417#
  0.988182   -0.01134   0.152864    14.5953
 0.0157502   0.999493 -0.0276701    -33.224
 -0.152473  0.0297508    0.98786   -453.624
         0          0          0          1

<-Total transform 67->iterations: 9, Init error: 28.9621, SBA error23.7483#
  0.988146 -0.0113477   0.153097    5.48336
 0.0157489   0.999496 -0.0275657   -33.2882
 -0.152707    0.02965   0.987827   -473.237
         0          0          0          1

<-Total transform 69->iterations: 40, Init error: 22.6787, SBA error13.2898#
  0.987754  -0.010016   0.155699   -7.42295
 0.0145222   0.999507 -0.0278311   -28.8466
 -0.155343  0.0297514   0.987412   -465.558
         0          0          0          1

<-Total transform 71->iterations: 20, Init error: 18.4849, SBA error13.9914#
   0.987233 -0.00980212    0.158983    -18.9638
  0.0144421    0.999502   -0.028056    -28.6182
  -0.158629   0.0299939    0.986883    -463.716
          0           0           0           1

<-Total transform 73->iterations: 9, Init error: 11.8832, SBA error8.66446#
  0.986628 -0.0100779   0.162675   -27.6574
 0.0148722   0.999489 -0.0282805   -28.4414
 -0.162307  0.0303217   0.986274   -460.556
         0          0          0          1

<-Total transform 75->iterations: 28, Init error: 9.23047, SBA error8.1937#
   0.986092 -0.00994951    0.165903    -30.3503
  0.0148874    0.999482   -0.028547    -28.3181
  -0.165533   0.0306198    0.985729    -462.897
          0           0           0           1

<-Total transform 77->iterations: 2, Init error: 9.04105, SBA error7.81249#
  0.985996 -0.0104779   0.166441   -32.4269
 0.0153551   0.999489 -0.0280433   -28.0822
 -0.166062  0.0302063   0.985653   -460.819
         0          0          0          1

<-Total transform 79->iterations: 5, Init error: 8.89577, SBA error5.07189#
   0.985934 -0.00824819    0.166929    -24.4524
  0.0133609    0.999475   -0.029528    -37.0877
  -0.166598    0.031343    0.985527    -465.788
          0           0           0           1

<-Total transform 81->iterations: 22, Init error: 13.3283, SBA error6.70806#
   0.985865 -0.00673279    0.167404    -21.8617
  0.0120203     0.99946   -0.030592    -49.6417
  -0.167107   0.0321718    0.985414    -492.079
          0           0           0           1

<-Total transform 83->iterations: 14, Init error: 9.0035, SBA error7.452#
 0.985826 -0.006852  0.167631  -24.6821
0.0121738  0.999453  -0.03074  -49.3382
-0.167329  0.032345   0.98537  -501.704
        0         0         0         1

<-Total transform 85->iterations: 25, Init error: 7.92213, SBA error7.7587#
   0.985551 -0.00698841    0.169232    -23.5667
  0.0124682    0.999431  -0.0313394    -48.9562
  -0.168917   0.0329967    0.985078    -500.137
          0           0           0           1

<-Total transform 87->iterations: 23, Init error: 7.06152, SBA error6.63947#
   0.985092 -0.00618573    0.171918    -22.2572
  0.0119505      0.9994  -0.0325172      -49.01
  -0.171613    0.034087    0.984574    -509.714
          0           0           0           1

<-Total transform 89->iterations: 11, Init error: 10.435, SBA error9.14535#
   0.984908 -0.00666561    0.172953      -22.31
  0.0125659    0.999375  -0.0330428    -48.6415
  -0.172625   0.0347174    0.984376    -520.041
          0           0           0           1

<-Total transform 91->iterations: 31, Init error: 15.3411, SBA error13.9298#
  0.984834  -0.007087   0.173354   -25.9246
 0.0131283   0.999345 -0.0337278   -48.2144
 -0.173002  0.0354921   0.984282   -524.304
         0          0          0          1

<-Total transform 93->iterations: 2, Init error: 22.3419, SBA error19.2813#
   0.984506 -0.00680504    0.175218    -24.3309
  0.0132981    0.999267    -0.03591     -49.127
  -0.174845   0.0376836    0.983875    -540.761
          0           0           0           1

<-Total transform 95->iterations: 4, Init error: 8.84966, SBA error6.90782#
  0.984157 -0.0069214   0.177164    -30.159
 0.0138994   0.999174 -0.0381764    -47.762
 -0.176754   0.040034   0.983441   -547.165
         0          0          0          1

<-Total transform 97->iterations: 3, Init error: 15.8163, SBA error14.7939#
   0.984109 -0.00770909    0.177396    -32.1207
  0.0147325    0.999157  -0.0383087    -42.1787
  -0.176951   0.0403134    0.983394    -544.639
          0           0           0           1

<-Total transform 99->iterations: 1, Init error: 7.26461, SBA error7.26461#
  0.983936 -0.0072477   0.178375   -32.6899
 0.0147265   0.999065 -0.0406393   -40.9154
 -0.177914  0.0426133   0.983123   -544.701
         0          0          0          1

<-Total transform 101->iterations: 26, Init error: 9.48689, SBA error7.5693#
   0.984379 -0.00686561    0.175929    -20.8066
  0.0140732     0.99911  -0.0397541    -42.8236
  -0.175499    0.041609      0.9836     -556.14
          0           0           0           1

<-Total transform 103->iterations: 3, Init error: 7.47547, SBA error7.01171#
   0.983706 -0.00565235    0.179694    -22.1092
  0.0130029    0.999125  -0.0397546    -43.0586
  -0.179312   0.0414434    0.982919    -559.804
          0           0           0           1

<-Total transform 105->iterations: 4, Init error: 40.9764, SBA error29.9608#
   0.983129 -0.00917771    0.182686    -16.0314
  0.0161879    0.999187   -0.036919    -40.4537
  -0.182198   0.0392535    0.982478    -560.307
          0           0           0           1

<-Total transform 107->iterations: 1, Init error: 39.1005, SBA error39.1005#
   0.982734 -0.00942064    0.184786    -17.2091
  0.0162803    0.999232  -0.0356403    -41.1543
  -0.184308   0.0380333    0.982132    -560.221
          0           0           0           1

<-Total transform 109->iterations: 1, Init error: 31.542, SBA error31.542#
  0.982567 -0.0122167   0.185506   -17.4468
 0.0184134   0.999327 -0.0317181   -43.1423
 -0.184993   0.034581   0.982131   -560.064
         0          0          0          1

<-Total transform 111->iterations: 4, Init error: 17.3683, SBA error10.905#
  0.982746 -0.0153507   0.184322   -9.39397
 0.0206998   0.999418 -0.0271314   -43.9075
 -0.183798  0.0304787   0.982491   -584.101
         0          0          0          1

<-Total transform 113->iterations: 2, Init error: 25.0293, SBA error22.0203#
  0.981951 -0.0187763     0.1882    -10.293
 0.0236717   0.999436 -0.0237979   -43.0816
 -0.187647  0.0278234   0.981842   -588.277
         0          0          0          1

<-Total transform 115->iterations: 2, Init error: 12.4473, SBA error8.10134#
  0.981553 -0.0191044   0.190231   -8.29822
 0.0240659   0.999427 -0.0238052   -42.8275
 -0.189667  0.0279442   0.981451   -597.472
         0          0          0          1

<-Total transform 117->iterations: 2, Init error: 10.6969, SBA error10.6568#
  0.981247 -0.0195534   0.191759   -6.96994
  0.024331   0.999449 -0.0225913    -41.614
 -0.191211  0.0268333   0.981182   -625.687
         0          0          0          1

<-Total transform 119->iterations: 19, Init error: 17.7414, SBA error11.8516#
  0.980527 -0.0202508   0.195336   -15.5747
 0.0249981   0.999448 -0.0218681   -39.7789
 -0.194785  0.0263253   0.980493    -636.42
         0          0          0          1

<-Total transform 121->iterations: 16, Init error: 20.9253, SBA error14.1956#
  0.979881 -0.0219885    0.19837   -26.2127
 0.0264738    0.99945 -0.0199865   -35.8725
 -0.197821   0.024836   0.979923   -643.928
         0          0          0          1

<-Total transform 123->iterations: 3, Init error: 20.8284, SBA error9.66061#
  0.979526 -0.0230345   0.199993   -39.4118
 0.0268923   0.999501 -0.0165937   -36.5314
 -0.199511  0.0216323   0.979657    -646.71
         0          0          0          1

<-Total transform 125->iterations: 4, Init error: 9.42127, SBA error7.62533#
  0.979465 -0.0228817    0.20031   -46.1467
 0.0263332   0.999547 -0.0145832   -38.0584
 -0.199885  0.0195586   0.979624   -647.444
         0          0          0          1

<-Total transform 127->iterations: 16, Init error: 12.8111, SBA error12.6331#
  0.979383 -0.0217984   0.200833   -43.7785
 0.0250842    0.99959 -0.0138303     -38.65
 -0.200449  0.0185829   0.979528   -650.055
         0          0          0          1

<-Total transform 129->iterations: 9, Init error: 8.96035, SBA error8.86104#
  0.979999 -0.0201477   0.197978   -40.0621
 0.0226525   0.999689 -0.0103951   -41.0853
 -0.197707  0.0146719   0.980151   -650.402
         0          0          0          1

<-Total transform 131->iterations: 36, Init error: 15.696, SBA error13.9578#
   0.980138  -0.0186445    0.197438    -34.0618
  0.0209009    0.999738 -0.00935089    -42.0218
  -0.197212   0.0132918    0.980271    -651.892
          0           0           0           1

<-Total transform 133->iterations: 7, Init error: 13.1677, SBA error9.45231#
  0.980614 -0.0158766   0.195306   -28.3134
 0.0178987   0.999803 -0.0085929   -39.2886
 -0.195131   0.011922   0.980705   -629.748
         0          0          0          1

<-Total transform 135->iterations: 27, Init error: 15.4225, SBA error12.6972#
   0.981307  -0.0127593    0.192024    -16.2772
  0.0146867    0.999855 -0.00861764    -36.1616
  -0.191886   0.0112768    0.981352    -618.723
          0           0           0           1

<-Total transform 137->iterations: 6, Init error: 8.58911, SBA error4.69459#
   0.981693  -0.0100741    0.190204    -10.8093
  0.0118452    0.999896 -0.00817699    -45.7201
  -0.190102   0.0102803     0.98171    -643.774
          0           0           0           1

<-Total transform 139->iterations: 23, Init error: 8.70747, SBA error8.27764#
   0.981801 -0.00920959    0.189687    -5.22652
  0.0110329    0.999903 -0.00855823    -46.2387
   -0.18959   0.0104953    0.981807    -650.803
          0           0           0           1

<-Total transform 141->iterations: 5, Init error: 12.4599, SBA error5.24274#
   0.981646 -0.00718769    0.190576     9.58535
 0.00902628    0.999921 -0.00878125    -58.2707
  -0.190498   0.0103403    0.981633    -680.015
          0           0           0           1

<-Total transform 143->iterations: 2, Init error: 8.909, SBA error8.30888#
   0.981504 -0.00575407    0.191355     13.7808
 0.00736194    0.999943  -0.0076927    -60.2259
    -0.1913  0.00895916    0.981491    -690.007
          0           0           0           1

<-Total transform 145->iterations: 9, Init error: 18.4256, SBA error4.93087#
   0.981369 -0.00417122    0.192086     12.5572
  0.0056448    0.999959 -0.00712484    -73.3891
  -0.192048  0.00807638    0.981352    -702.906
          0           0           0           1

<-Total transform 147->iterations: 3, Init error: 85.7815, SBA error51.0167#
   0.980557 -0.00204425    0.196224     11.6041
 0.00364188    0.999963 -0.00778141    -98.5931
  -0.196201  0.00834474    0.980528    -663.379
          0           0           0           1

<-Total transform 149->iterations: 20, Init error: 29.0987, SBA error12.5409#
   0.979843 0.000601056    0.199766     5.89876
 0.00151961    0.999944  -0.0104622    -104.052
  -0.199761   0.0105549    0.979788    -622.361
          0           0           0           1

<-Total transform 151->iterations: 5, Init error: 72.3968, SBA error49.9819#
   0.979563  0.00325294     0.20111     14.2771
-0.00132328    0.999952 -0.00972874    -119.275
  -0.201132   0.0092638     0.97952    -596.021
          0           0           0           1

<-Total transform 153->iterations: 9, Init error: 13.9126, SBA error4.61006#
   0.978621  0.00839385    0.205502     12.3405
-0.00589104    0.999901  -0.0127878    -124.887
  -0.205589   0.0113038    0.978573    -606.967
          0           0           0           1

<-Total transform 155->iterations: 3, Init error: 11.9982, SBA error10.7069#
    0.97844  0.00847532    0.206359     9.07682
-0.00565643    0.999883  -0.0142463    -123.792
  -0.206456   0.0127719    0.978373    -607.556
          0           0           0           1

<-Total transform 157->iterations: 28, Init error: 23.2133, SBA error20.04#
  0.978334 0.00822361    0.20687    7.09751
-0.0051534   0.999869 -0.0153758   -123.103
 -0.206969  0.0139765   0.978248   -612.251
         0          0          0          1

<-Total transform 159->iterations: 25, Init error: 22.6609, SBA error13.6534#
   0.978136  0.00732804    0.207835   -0.982257
-0.00386833    0.999847   -0.017048    -119.325
  -0.207928   0.0158713    0.978015    -604.702
          0           0           0           1

<-Total transform 161->iterations: 3, Init error: 13.8913, SBA error9.06581#
    0.977729   0.00486762     0.209815     -11.6484
-0.000978242     0.999826    -0.018637     -117.557
   -0.209869    0.0180167     0.977563     -608.151
           0            0            0            1

<-Total transform 163->iterations: 31, Init error: 9.88514, SBA error8.28098#
   0.977569  0.00289018    0.210594     -14.179
0.000805937    0.999847  -0.0174629    -117.927
  -0.210612    0.017241    0.977418    -607.835
          0           0           0           1

<-Total transform 165->iterations: 3, Init error: 14.5724, SBA error10.0957#
   0.977131 0.000593093    0.212639    -24.5551
  0.0027063     0.99988   -0.015225    -117.907
  -0.212622   0.0154523    0.977012    -612.068
          0           0           0           1

<-Total transform 167->iterations: 2, Init error: 12.12, SBA error10.944#
     0.97642 2.41484e-005     0.215878     -21.5167
  0.00333303     0.999879   -0.0151872     -115.724
   -0.215853    0.0155486     0.976302     -610.787
           0            0            0            1

<-Total transform 169->iterations: 2, Init error: 9.99007, SBA error9.89594#
   0.975462 -0.00191792    0.220161    -17.4041
 0.00508935    0.999891  -0.0138388    -109.747
   -0.22011   0.0146197    0.975365    -624.874
          0           0           0           1

<-Total transform 171->iterations: 2, Init error: 25.1228, SBA error20.8564#
   0.974849 -0.00745677    0.222744    -5.90356
  0.0100996    0.999891  -0.0107281    -102.737
  -0.222639   0.0127079    0.974818    -639.365
          0           0           0           1

<-Total transform 173->iterations: 2, Init error: 11.3016, SBA error11.0974#
   0.974057  -0.0111518    0.226027    -5.37839
  0.0136184    0.999863 -0.00935654    -102.251
  -0.225891   0.0121919    0.974076    -647.867
          0           0           0           1

<-Total transform 175->iterations: 2, Init error: 8.77531, SBA error8.42667#
  0.973737  -0.012902   0.227308   -4.33036
 0.0151846    0.99985 -0.0082962   -101.134
 -0.227167  0.0115299   0.973787   -657.617
         0          0          0          1

<-Total transform 177->iterations: 3, Init error: 28.316, SBA error19.0411#
   0.974379  -0.0123724     0.22457    -10.4562
  0.0145313    0.999863 -0.00796338    -108.299
  -0.224441   0.0110227    0.974425    -643.477
          0           0           0           1

<-Total transform 179->iterations: 40, Init error: 9.47213, SBA error6.15996#
  0.973595 -0.0113302      0.228   -12.4996
 0.0141424   0.999843  -0.010704   -108.859
 -0.227843  0.0136459   0.973602   -646.044
         0          0          0          1

<-Total transform 181->iterations: 2, Init error: 17.6126, SBA error16.0006#
  0.971066 -0.0121324   0.238504   -25.9561
  0.016334   0.999744 -0.0156482   -102.951
 -0.238253  0.0190912   0.971015   -645.509
         0          0          0          1

<-Total transform 183->iterations: 2, Init error: 6.76605, SBA error6.1549#
  0.970333 -0.0165733   0.241204   -24.2961
 0.0206588   0.999683 -0.0144186   -102.342
 -0.240889  0.0189738   0.970367   -649.514
         0          0          0          1

<-Total transform 185->iterations: 2, Init error: 17.4769, SBA error16.589#
  0.970169  -0.018839   0.241697   -21.1676
 0.0226395    0.99966 -0.0129566   -98.2031
 -0.241371   0.018042   0.970265   -660.729
         0          0          0          1

<-Total transform 187->iterations: 3, Init error: 23.0592, SBA error12.5382#
  0.968833 -0.0142243   0.247305   -11.9017
 0.0192061   0.999658 -0.0177436   -116.519
 -0.246968  0.0219404   0.968775   -706.629
         0          0          0          1

<-Total transform 189->iterations: 7, Init error: 29.8174, SBA error6.72883#
   0.967204 -0.00842824    0.253861   -0.598609
  0.0149464    0.999606  -0.0237583    -115.188
  -0.253561   0.0267734    0.966949    -763.175
          0           0           0           1

<-Total transform 191->iterations: 2, Init error: 12.2579, SBA error11.4634#
  0.967916 -0.0104928   0.251055    6.89586
  0.016486   0.999627 -0.0217807   -115.978
 -0.250732  0.0252208   0.967728   -779.059
         0          0          0          1

<-Total transform 193->iterations: 1, Init error: 14.3717, SBA error14.3717#
  0.967612 -0.0082386   0.252307    5.59002
 0.0143221   0.999649 -0.0222844   -116.036
 -0.252035  0.0251762   0.967391    -779.06
         0          0          0          1

<-Total transform 195->iterations: 6, Init error: 26.1744, SBA error20.0002#
  0.966343 -0.0036535   0.257231    1.74415
0.00957284   0.999717 -0.0217633   -110.965
 -0.257078  0.0234932   0.966105   -796.592
         0          0          0          1

<-Total transform 197->iterations: 32, Init error: 55.3756, SBA error36.4439#
   0.965601 -0.00258668    0.260017    -12.7624
 0.00785194    0.999785   -0.019213     -105.81
  -0.259911   0.0205938    0.965413    -763.236
          0           0           0           1

<-Total transform 199->iterations: 14, Init error: 27.5721, SBA error24.046#
    0.96449 -0.00745125    0.264016    -22.4368
  0.0129519    0.999734  -0.0191001    -106.558
  -0.263803   0.0218414    0.964329     -763.77
          0           0           0           1

<-Total transform 201->iterations: 3, Init error: 33.6712, SBA error9.74839#
    0.96405 -0.00669475    0.265635    -39.5668
   0.011711    0.999782  -0.0173046    -112.822
  -0.265461   0.0197934    0.963918    -769.526
          0           0           0           1

<-Total transform 203->iterations: 20, Init error: 42.4425, SBA error4.94443#
    0.963829 -0.000140864      0.26652     -55.3162
  0.00438138     0.999873   -0.0153161     -121.779
   -0.266484    0.0159299     0.963708     -776.656
           0            0            0            1

<-Total transform 205->iterations: 7, Init error: 59.7933, SBA error5.34351#
   0.962424  0.00867419    0.271413    -71.9287
-0.00377889    0.999821  -0.0185538    -139.655
  -0.271525    0.016831    0.962284    -764.897
          0           0           0           1

<-Total transform 207->iterations: 28, Init error: 48.8291, SBA error2.82263#
   0.959221   0.0142118    0.282301    -88.4807
-0.00670123    0.999598  -0.0275526    -158.056
  -0.282579   0.0245372     0.95893    -778.051
          0           0           0           1

<-Total transform 209->iterations: 2, Init error: 37.2829, SBA error27.8257#
   0.957519   0.0100711    0.288194    -106.303
0.000134309    0.999374  -0.0353699    -148.745
   -0.28837   0.0339061    0.956919    -780.398
          0           0           0           1

<-Total transform 211->iterations: 6, Init error: 32.9693, SBA error5.84412#
    0.956287    0.0121401     0.292177     -121.244
-0.000373726     0.999188   -0.0402938     -162.022
   -0.292428    0.0384232     0.955515     -803.608
           0            0            0            1

<-Total transform 213->iterations: 5, Init error: 24.2479, SBA error4.3043#
   0.954121   0.0158381    0.299001    -137.821
-0.00191585    0.998903  -0.0467984    -164.878
  -0.299414   0.0440785    0.953105    -813.305
          0           0           0           1

<-Total transform 215->iterations: 10, Init error: 25.9449, SBA error21.9926#
  0.952004  0.0107237   0.305896   -152.138
0.00513657   0.998686 -0.0509965   -162.391
 -0.306041  0.0501201   0.950698   -817.808
         0          0          0          1

<-Total transform 217->iterations: 26, Init error: 26.5037, SBA error26.2907#
  0.949036 0.00440545   0.315136   -157.167
 0.0119642   0.998678 -0.0499913   -162.744
  -0.31494  0.0512139   0.947729   -821.077
         0          0          0          1

<-Total transform 219->iterations: 35, Init error: 77.7299, SBA error74.9204#
  0.945901  -0.001166   0.324455   -165.934
 0.0184028   0.998577 -0.0500621   -162.903
 -0.323934  0.0533246   0.944576   -827.091
         0          0          0          1

<-Total transform 221->iterations: 68, Init error: 135.406, SBA error130.868#
    0.94334 -0.00613775    0.331771    -175.736
  0.0255559    0.998203  -0.0541978    -159.975
  -0.330842   0.0596056    0.941802    -825.991
          0           0           0           1

<-Total transform 223->iterations: 9, Init error: 12.4085, SBA error12.0729#
  0.941007 -0.0127125   0.338147   -177.739
 0.0329161   0.997994 -0.0540807   -159.259
 -0.336782  0.0620209   0.939538   -827.254
         0          0          0          1

<-Total transform 225->iterations: 1, Init error: 23.3541, SBA error23.3541#
  0.938271 -0.0177699   0.345445   -183.025
 0.0386082   0.997819 -0.0535362    -159.07
  -0.34374  0.0635685   0.936911   -826.137
         0          0          0          1

<-Total transform 227->iterations: 2, Init error: 18.516, SBA error15.6473#
  0.934894 -0.0225269   0.354212   -193.016
 0.0443686   0.997573 -0.0536619   -153.837
 -0.352143  0.0658841   0.933624    -835.61
         0          0          0          1

<-Total transform 229->iterations: 6, Init error: 16.2544, SBA error10.2624#
  0.932327 -0.0303522   0.360341   -202.759
 0.0522453   0.997322 -0.0511703   -154.235
 -0.357823  0.0665336   0.931416   -851.673
         0          0          0          1

<-Total transform 231->iterations: 2, Init error: 10.9518, SBA error8.67979#
  0.929878 -0.0366227   0.366041    -202.75
 0.0592041    0.99696 -0.0506534   -151.778
 -0.363073  0.0687726   0.929219   -864.282
         0          0          0          1

<-Total transform 233->iterations: 2, Init error: 13.8318, SBA error11.8857#
  0.928694 -0.0402372   0.368657   -202.545
 0.0635618   0.996656   -0.05134   -148.724
 -0.365358  0.0711116   0.928147   -868.308
         0          0          0          1

<-Total transform 235->iterations: 3, Init error: 8.86602, SBA error6.69935#
  0.928753 -0.0402794   0.368505    -200.71
 0.0635555   0.996662 -0.0512405   -148.728
 -0.365211  0.0710103   0.928212   -877.678
         0          0          0          1

<-Total transform 237->iterations: 7, Init error: 12.782, SBA error5.69583#
  0.927716 -0.0380012   0.371347   -205.203
 0.0619903   0.996675 -0.0528738   -142.883
 -0.368103  0.0720718   0.926988   -886.851
         0          0          0          1

<-Total transform 239->iterations: 23, Init error: 14.9077, SBA error11.5942#
  0.925639 -0.0410495   0.376176   -210.708
 0.0676999   0.996024 -0.0578967   -137.554
 -0.372304  0.0790585   0.924738   -890.081
         0          0          0          1

<-Total transform 241->iterations: 21, Init error: 20.6173, SBA error15.1407#
  0.925277 -0.0405632   0.377118   -218.961
 0.0682692   0.995838 -0.0603884   -135.045
 -0.373098  0.0816215   0.924195   -885.375
         0          0          0          1

<-Total transform 243->iterations: 33, Init error: 20.034, SBA error4.77064#
  0.924199 -0.0379299   0.380024   -229.982
  0.067297    0.99566 -0.0642866   -132.965
 -0.375936   0.084988    0.92274   -892.371
         0          0          0          1

<-Total transform 245->iterations: 6, Init error: 8.62344, SBA error5.85691#
  0.923382 -0.0343872   0.382338    -225.71
 0.0652824   0.995539 -0.0681253   -139.088
  -0.37829  0.0878657   0.921508   -908.127
         0          0          0          1

<-Total transform 247->iterations: 16, Init error: 21.5217, SBA error10.4493#
  0.922082 -0.0329915   0.385585   -232.491
 0.0635653   0.995739 -0.0668115    -148.52
 -0.381738  0.0861156    0.92025    -930.52
         0          0          0          1

<-Total transform 249->iterations: 23, Init error: 16.3162, SBA error10.5934#
  0.920693 -0.0315887   0.389007   -228.716
 0.0613415   0.996044 -0.0642996   -156.601
 -0.385436  0.0830624   0.918988   -943.518
         0          0          0          1

<-Total transform 251->iterations: 53, Init error: 18.3002, SBA error8.22637#
  0.919823 -0.0271362   0.391395   -237.995
 0.0565175   0.996365 -0.0637426   -163.725
 -0.388242  0.0807525   0.918013   -967.645
         0          0          0          1

<-Total transform 253->iterations: 6, Init error: 25.8039, SBA error5.38703#
  0.918481 -0.0249869   0.394675   -249.014
 0.0544044   0.996497 -0.0635207    -178.03
 -0.391705  0.0798146   0.916622   -979.853
         0          0          0          1

<-Total transform 255->iterations: 5, Init error: 12.0555, SBA error5.83443#
  0.916578 -0.0243956    0.39911    -256.95
 0.0540183   0.996542 -0.0631425   -179.936
 -0.396189  0.0794343   0.914726   -990.502
         0          0          0          1

<-Total transform 257->iterations: 2, Init error: 10.5913, SBA error10.0478#
  0.915073  -0.025899   0.402455   -260.976
 0.0551751   0.996592 -0.0613199   -178.247
 -0.399496  0.0783177   0.913384    -990.54
         0          0          0          1

<-Total transform 259->iterations: 19, Init error: 12.5176, SBA error7.29702#
  0.913648 -0.0250801   0.405731     -260.2
 0.0548136    0.99658  -0.061829   -184.047
 -0.402793  0.0787296   0.911899   -1002.36
         0          0          0          1

<-Total transform 261->iterations: 3, Init error: 8.49897, SBA error8.3832#
  0.911992 -0.0235803    0.40953   -259.664
 0.0544268   0.996476 -0.0638283   -182.152
 -0.406582  0.0805003   0.910061    -1003.9
         0          0          0          1

<-Total transform 263->iterations: 3, Init error: 8.99484, SBA error7.14263#
  0.910176  -0.024628    0.41349   -263.674
 0.0557923   0.996424 -0.0634619   -180.519
 -0.410448   0.080831   0.908295   -1010.44
         0          0          0          1

<-Total transform 265->iterations: 2, Init error: 8.81335, SBA error8.7359#
 0.907173  -0.02739  0.419866  -268.017
0.0585173  0.996394 -0.061434  -182.077
 -0.41667 0.0803006  0.905504  -1010.69
        0         0         0         1

<-Total transform 267->iterations: 39, Init error: 12.9735, SBA error12.2694#
  0.903161 -0.0306377   0.428207   -275.013
 0.0626604   0.996176 -0.0608863   -181.989
 -0.424704  0.0818218   0.901627    -1011.7
         0          0          0          1

<-Total transform 269->iterations: 22, Init error: 22.8816, SBA error20.9996#
  0.901222 -0.0303285   0.432296   -280.269
 0.0635183   0.996019 -0.0625412   -180.143
 -0.428678  0.0838221    0.89956   -1017.46
         0          0          0          1

<-Total transform 271->iterations: 38, Init error: 43.9621, SBA error11.3584#
  0.898219 -0.0279259    0.43866   -297.407
 0.0622038   0.996012 -0.0639632   -169.237
 -0.435125  0.0847393   0.896374   -1010.27
         0          0          0          1

<-Total transform 273->iterations: 17, Init error: 46.9373, SBA error28.1273#
  0.895764 -0.0278997   0.443653   -318.933
 0.0618427   0.996145 -0.0622205   -171.554
 -0.440207  0.0831717   0.894036   -1005.17
         0          0          0          1

<-Total transform 275->iterations: 7, Init error: 85.4104, SBA error66.421#
   0.89352 -0.0267028   0.448229   -347.799
 0.0610085   0.996193 -0.0622697   -165.583
  -0.44486  0.0829849   0.891747   -1004.52
         0          0          0          1

<-Total transform 277->iterations: 71, Init error: 148.422, SBA error13.4134#
 0.889656 -0.023574  0.456022  -389.663
0.0597302  0.996094 -0.065035  -147.085
-0.452707 0.0850971  0.887589  -1006.74
        0         0         0         1

<-Total transform 279->iterations: 37, Init error: 75.7605, SBA error51.3493#
  0.886136 -0.0230957   0.462849   -412.659
 0.0590847   0.996237 -0.0634079   -149.115
 -0.459643  0.0835353   0.884166   -1016.89
         0          0          0          1

<-Total transform 281->iterations: 2, Init error: 101.214, SBA error95.5782#
  0.884105  -0.023398   0.466703   -428.503
 0.0583154   0.996462 -0.0605132   -157.729
 -0.463636   0.080716   0.882341   -1021.82
         0          0          0          1

<-Total transform 283->iterations: 11, Init error: 78.6437, SBA error40.438#
  0.880614 -0.0213779   0.473352    -459.35
 0.0578376   0.996361 -0.0626016   -147.191
 -0.470291  0.0825054   0.878646   -1041.06
         0          0          0          1

<-Total transform 285->iterations: 17, Init error: 158.726, SBA error103.229#
  0.878874 -0.0209212   0.476595   -480.162
 0.0585811    0.99621 -0.0642967   -145.542
 -0.473444  0.0844281   0.876769   -1045.03
         0          0          0          1

<-Total transform 287->iterations: 5, Init error: 60.237, SBA error14.7931#
  0.876554 -0.0191292   0.480923   -515.399
 0.0614594   0.995479 -0.0724227   -123.015
 -0.477363  0.0930396   0.873766   -1042.27
         0          0          0          1

<-Total transform 289->iterations: 19, Init error: 15.7931, SBA error6.33762#
  0.873787 -0.0181708    0.48597   -521.637
 0.0656968   0.994552 -0.0809374   -121.819
 -0.481852   0.102649    0.87022   -1045.67
         0          0          0          1

<-Total transform 291->iterations: 3, Init error: 14.862, SBA error10.5679#
  0.873369 -0.0197327    0.48666   -520.805
 0.0696857   0.993962 -0.0847568   -114.234
 -0.482049   0.107937    0.86947   -1036.81
         0          0          0          1

<-Total transform 293->iterations: 34, Init error: 12.9284, SBA error12.4101#
  0.871533 -0.0226887   0.489811   -522.187
 0.0751414    0.99331 -0.0876894    -109.99
 -0.484545   0.113229   0.867407   -1042.86
         0          0          0          1

<-Total transform 295->iterations: 46, Init error: 25.538, SBA error17.3881#
  0.870054 -0.0260362   0.492269   -532.182
 0.0793023    0.99299 -0.0876423   -110.914
 -0.486536   0.115292    0.86602   -1043.78
         0          0          0          1

<-Total transform 297->iterations: 29, Init error: 25.3314, SBA error16.5946#
  0.869247 -0.0249658   0.493748   -543.816
 0.0802637   0.992601  -0.091115   -105.198
  -0.48782   0.118831   0.864818   -1042.52
         0          0          0          1

<-Total transform 299->iterations: 23, Init error: 8.55789, SBA error7.39064#
  0.864453 -0.0256313   0.502059   -553.001
 0.0834757   0.992153  -0.093078   -102.514
 -0.495734   0.122371    0.85981   -1035.41
         0          0          0          1

<-Total transform 301->iterations: 2, Init error: 77.4103, SBA error54.6595#
  0.862845 -0.0280926   0.504687   -554.959
  0.087818   0.991602 -0.0949433   -97.2287
 -0.497782   0.126242   0.858065   -1045.78
         0          0          0          1

<-Total transform 303->iterations: 2, Init error: 14.05, SBA error12.4123#
  0.863021  -0.028347   0.504372   -555.198
 0.0888962   0.991366 -0.0963911   -96.4689
 -0.497285   0.128024   0.858089   -1052.16
         0          0          0          1

<-Total transform 305->iterations: 6, Init error: 19.41, SBA error7.3041#
  0.862686 -0.0273851   0.504997   -545.037
  0.089048   0.991158 -0.0983718   -105.479
 -0.497838   0.129833   0.857497   -1054.29
         0          0          0          1

<-Total transform 307->iterations: 10, Init error: 18.6547, SBA error11.9723#
  0.861885 -0.0270128   0.506384   -541.814
 0.0893579   0.991045 -0.0992236   -109.873
 -0.499169   0.130769    0.85658   -1063.67
