<-Total transform 4->iterations: 4#
     0.999996  5.50538e-005    0.00278198       0.20936
-5.09885e-005      0.999999   -0.00146137     -0.677164
  -0.00278206    0.00146122      0.999995       -4.3477
            0             0             0             1

<-Total transform 9->iterations: 4#
   0.999728  0.00257429   0.0231839     17.8861
-0.00251007    0.999993 -0.00279859    -18.4104
 -0.0231909  0.00273964    0.999727    -29.5658
          0           0           0           1

<-Total transform 14->iterations: 2#
  0.999085 0.00177629   0.042735    29.7818
-0.0014271   0.999965 -0.0082002    -14.042
-0.0427481 0.00813171   0.999053   -56.1606
         0          0          0          1

<-Total transform 19->iterations: 5#
   0.996642 -0.00600563   0.0816592     60.5045
   0.007027    0.999901  -0.0122262    -16.3077
 -0.0815776   0.0127589    0.996585    -55.6509
          0           0           0           1

<-Total transform 24->iterations: 4#
  0.992946 -0.0121378   0.117946    76.8876
 0.0143601   0.999735 -0.0180097   -6.02535
 -0.117696  0.0195764   0.992857   -100.758
         0          0          0          1

<-Total transform 29->iterations: 4#
  0.989965 -0.0164991   0.140343    86.9963
  0.020203   0.999483 -0.0250076  -0.788231
 -0.139858   0.027592   0.989787   -130.384
         0          0          0          1

<-Total transform 34->iterations: 73#
  0.988146 -0.0113477   0.153097     104.44
 0.0157489   0.999496 -0.0275657   -13.5609
 -0.152707    0.02965   0.987827   -104.609
         0          0          0          1

<-Total transform 39->iterations: 26#
  0.985996 -0.0104779   0.166441    117.135
 0.0153551   0.999489 -0.0280433   -17.5228
 -0.166062  0.0302063   0.985653   -72.2907
         0          0          0          1

<-Total transform 44->iterations: 20#
   0.985092 -0.00618573    0.171918     114.563
  0.0119505      0.9994  -0.0325172    -19.5558
  -0.171613    0.034087    0.984574    -30.2406
          0           0           0           1

<-Total transform 49->iterations: 5#
   0.984109 -0.00770909    0.177396      108.67
  0.0147325    0.999157  -0.0383087    -24.7947
  -0.176951   0.0403134    0.983394     16.2503
          0           0           0           1

<-Total transform 54->iterations: 125#
   0.982734 -0.00942064    0.184786     99.7034
  0.0162803    0.999232  -0.0356403    -24.5132
  -0.184308   0.0380333    0.982132      58.092
          0           0           0           1

<-Total transform 59->iterations: 35#
  0.981247 -0.0195534   0.191759    103.059
  0.024331   0.999449 -0.0225913   -23.1631
 -0.191211  0.0268333   0.981182    60.4718
         0          0          0          1

<-Total transform 64->iterations: 36#
  0.979383 -0.0217984   0.200833    110.811
 0.0250842    0.99959 -0.0138303   -22.4262
 -0.200449  0.0185829   0.979528    77.0567
         0          0          0          1

<-Total transform 69->iterations: 9#
   0.981693  -0.0100741    0.190204     86.0784
  0.0118452    0.999896 -0.00817699    -4.75855
  -0.190102   0.0102803     0.98171     126.606
          0           0           0           1

<-Total transform 74->iterations: 37#
   0.980557 -0.00204425    0.196224     79.3751
 0.00364188    0.999963 -0.00778141     3.13061
  -0.196201  0.00834474    0.980528     175.864
          0           0           0           1

<-Total transform 79->iterations: 22#
  0.978334 0.00822361    0.20687    89.8993
-0.0051534   0.999869 -0.0153758  -0.614726
 -0.206969  0.0139765   0.978248    165.437
         0          0          0          1

<-Total transform 84->iterations: 2#
     0.97642 2.41484e-005     0.215878      85.7631
  0.00333303     0.999879   -0.0151872      3.16189
   -0.215853    0.0155486     0.976302      162.104
           0            0            0            1

<-Total transform 89->iterations: 9#
   0.974379  -0.0123724     0.22457      93.105
  0.0145313    0.999863 -0.00796338     5.30287
  -0.224441   0.0110227    0.974425     155.315
          0           0           0           1

<-Total transform 94->iterations: 21#
  0.968833 -0.0142243   0.247305    104.836
 0.0192061   0.999658 -0.0177436    3.23295
 -0.246968  0.0219404   0.968775    167.526
         0          0          0          1

<-Total transform 99->iterations: 25#
   0.965601 -0.00258668    0.260017     119.099
 0.00785194    0.999785   -0.019213    -2.59288
  -0.259911   0.0205938    0.965413     203.381
          0           0           0           1

<-Total transform 104->iterations: 21#
   0.959221   0.0142118    0.282301     143.884
-0.00670123    0.999598  -0.0275526     5.46687
  -0.282579   0.0245372     0.95893     217.191
          0           0           0           1

<-Total transform 109->iterations: 1#
  0.949036 0.00440545   0.315136    151.146
 0.0119642   0.998678 -0.0499913    1.30356
  -0.31494  0.0512139   0.947729    212.268
         0          0          0          1

<-Total transform 114->iterations: 9#
  0.934894 -0.0225269   0.354212    176.266
 0.0443686   0.997573 -0.0536619     10.997
 -0.352143  0.0658841   0.933624    219.507
         0          0          0          1

<-Total transform 119->iterations: 2#
  0.927716 -0.0380012   0.371347    179.327
 0.0619903   0.996675 -0.0528738    12.8718
 -0.368103  0.0720718   0.926988    215.907
         0          0          0          1

<-Total transform 124->iterations: 26#
  0.922082 -0.0329915   0.385585     198.29
 0.0635653   0.995739 -0.0668115    -1.9066
 -0.381738  0.0861156    0.92025    216.692
         0          0          0          1

<-Total transform 129->iterations: 4#
  0.915073  -0.025899   0.402455    219.331
 0.0551751   0.996592 -0.0613199    2.40353
 -0.399496  0.0783177   0.913384    229.342
         0          0          0          1

<-Total transform 134->iterations: 37#
  0.903161 -0.0306377   0.428207    221.237
 0.0626604   0.996176 -0.0608863    18.4496
 -0.424704  0.0818218   0.901627    202.264
         0          0          0          1

<-Total transform 139->iterations: 16#
 0.889656 -0.023574  0.456022   245.036
0.0597302  0.996094 -0.065035   25.0546
-0.452707 0.0850971  0.887589    211.29
        0         0         0         1

<-Total transform 144->iterations: 13#
  0.876554 -0.0191292   0.480923    277.269
 0.0614594   0.995479 -0.0724227    22.5705
 -0.477363  0.0930396   0.873766    228.575
         0          0          0          1

<-Total transform 149->iterations: 3#
  0.869247 -0.0249658   0.493748    286.886
 0.0802637   0.992601  -0.091115    22.1137
  -0.48782   0.118831   0.864818    233.097
         0          0          0          1

<-Total transform 154->iterations: 4#
  0.861885 -0.0270128   0.506384    296.003
 0.0893579   0.991045 -0.0992236    6.25427
 -0.499169   0.130769    0.85658    259.882
         0          0          0          1

<-Total transform 159->iterations: 2#
  0.857684 -0.0374095   0.512815    305.423
  0.101609   0.990013 -0.0977198    5.26454
 -0.504038   0.135919    0.85292    258.523
         0          0          0          1

<-Total transform 164->iterations: 5#
  0.849047 -0.0306555   0.527427     319.85
 0.0995317    0.98972    -0.1027    -6.9791
 -0.518856   0.139693   0.843371    303.501
         0          0          0          1

<-Total transform 169->iterations: 6#
  0.822806 -0.0235644   0.567834    359.709
  0.101607   0.989142  -0.106183   -13.0976
 -0.559166   0.145064   0.816266    295.598
         0          0          0          1

<-Total transform 174->iterations: 2#
  0.803376 -0.0372445   0.594306    398.702
  0.119786   0.987748  -0.100025   -9.02243
   -0.5833   0.151547   0.797994    280.478
         0          0          0          1

<-Total transform 179->iterations: 18#
   0.79085 -0.0176549   0.611755    413.763
  0.118155   0.985183  -0.124313   -32.9524
 -0.600496   0.170595   0.781218    324.578
         0          0          0          1

<-Total transform 184->iterations: 33#
  0.763043 -0.0123589   0.646229    427.576
  0.130479   0.982178  -0.135281   -36.9042
  -0.63304   0.187545   0.751057    305.196
         0          0          0          1

<-Total transform 189->iterations: 3#
 0.715038 -0.027477  0.698545   471.236
 0.163776  0.978004 -0.129173  -15.7602
-0.679631  0.206769   0.70381   246.857
        0         0         0         1

<-Total transform 194->iterations: 2#
  0.690585 -0.0167596   0.723057    501.849
    0.1606   0.978326  -0.130711   -19.8106
 -0.705195    0.20639   0.678309    231.442
         0          0          0          1

<-Total transform 199->iterations: 60#
  0.686685 -0.0116968   0.726861    485.446
    0.1603   0.977695  -0.135707   -7.33974
 -0.709061   0.209704   0.673243    281.751
         0          0          0          1

<-Total transform 204->iterations: 50#
  0.678128 -0.0075345   0.734905    476.456
  0.187249    0.96872   -0.16285   -35.8485
  -0.71069   0.248043   0.658326    341.412
         0          0          0          1

<-Total transform 209->iterations: 2#
   0.660915 -0.00929429    0.750403     461.984
    0.21445    0.960567   -0.176979    -42.1208
  -0.719168    0.277892    0.636847      332.67
          0           0           0           1

<-Total transform 214->iterations: 3#
  0.652491 -0.0187486   0.757565    444.019
  0.226399   0.958859  -0.171267   -34.3832
 -0.723187   0.283262   0.629891    349.648
         0          0          0          1

<-Total transform 219->iterations: 4#
  0.646185 -0.0378394   0.762243    469.756
   0.22177   0.964982    -0.1401   -13.3107
 -0.730249   0.259573   0.631948    347.245
         0          0          0          1

<-Total transform 224->iterations: 7#
  0.633199 -0.0271818   0.773512    476.859
  0.209164   0.968208  -0.137199    26.4807
 -0.745191   0.248665   0.618754    350.799
         0          0          0          1

