<-Total transform 33->iterations: 5, Init error: 1283.63, SBA error885.097#
   0.999999 -0.00054806  0.00147712     74.2756
0.000550215    0.999999 -0.00145918     17.6798
-0.00147632  0.00145999    0.999998    -57.3573
          0           0           0           1

<-Total transform 65->iterations: 12, Init error: 295.308, SBA error231.096#
    0.999998   0.00010443   0.00208292      52.3685
-0.000100932     0.999999  -0.00167927      22.9888
 -0.00208309   0.00167905     0.999996      32.7561
           0            0            0            1

<-Total transform 97->iterations: 39, Init error: 173.933, SBA error139.246#
     0.999996  5.50538e-005    0.00278198         50.44
-5.09885e-005      0.999999   -0.00146137       23.0014
  -0.00278206    0.00146122      0.999995       59.2895
            0             0             0             1

<-Total transform 129->iterations: 3, Init error: 728.458, SBA error643.19#
   0.999988 0.000306154  0.00488023     68.8585
-0.00029168    0.999996  -0.0029664     21.1934
-0.00488112  0.00296494    0.999984     41.5229
          0           0           0           1

<-Total transform 161->iterations: 4, Init error: 498.109, SBA error441.352#
    0.999936  0.000551619     0.011301      60.5313
-0.000513384     0.999994   -0.0033859      17.2254
  -0.0113028   0.00337989      0.99993      109.395
           0            0            0            1

<-Total transform 193->iterations: 4, Init error: 1562.95, SBA error931.124#
    0.999906  0.000471537     0.013669       158.58
-0.000427343     0.999995  -0.00323586       30.322
  -0.0136705   0.00322972     0.999901      195.572
           0            0            0            1

<-Total transform 225->iterations: 18, Init error: 1831.71, SBA error1330#
    0.99984  0.00175185    0.017812     38.8121
-0.00168838    0.999992 -0.00357807     64.7408
 -0.0178181  0.00354742    0.999835     284.679
          0           0           0           1

<-Total transform 257->iterations: 3, Init error: 375.03, SBA error167.601#
   0.999728  0.00257429   0.0231839     10.5501
-0.00251007    0.999993 -0.00279859     63.9862
 -0.0231909  0.00273964    0.999727     145.615
          0           0           0           1

<-Total transform 289->iterations: 18, Init error: 4953.54, SBA error2928.84#
    0.999622  0.000888762    0.0274631     -103.175
-0.000818752     0.999996   -0.0025604       55.242
  -0.0274653   0.00253695      0.99962      38.3403
           0            0            0            1

<-Total transform 321->iterations: 23, Init error: 399.571, SBA error393.857#
    0.999493 -0.000414225     0.031821     -98.0353
 0.000546132     0.999991  -0.00413673      55.0444
   -0.031819   0.00415201     0.999485      31.5811
           0            0            0            1

<-Total transform 353->iterations: 17, Init error: 1006.91, SBA error91.75#
    0.999399  0.000111973    0.0346586     -255.663
6.02154e-005     0.999988  -0.00496705      37.5965
  -0.0346587   0.00496615     0.999387      144.709
           0            0            0            1

<-Total transform 385->iterations: 2, Init error: 447.972, SBA error427.149#
    0.999285  0.000868602    0.0377868     -249.268
-0.000640119     0.999981  -0.00605832      37.0303
  -0.0377914    0.0060298     0.999267       210.72
           0            0            0            1

<-Total transform 417->iterations: 36, Init error: 1751.65, SBA error1349.65#
  0.999085 0.00177629   0.042735   -317.243
-0.0014271   0.999965 -0.0082002    56.2884
-0.0427481 0.00813171   0.999053    300.306
         0          0          0          1

<-Total transform 449->iterations: 14, Init error: 2803.45, SBA error1582.81#
     0.998842   0.000508281     0.0480995      -187.395
-4.68612e-005      0.999954   -0.00959367       124.087
   -0.0481021    0.00958031      0.998796       497.734
            0             0             0             1

