<-One step transform 5->iterations: 2, Init error: 8.25415, SBA error6.70681#
   0.999999 -0.00054806  0.00147712     1.54714
0.000550215    0.999999 -0.00145918     1.57777
-0.00147632  0.00145999    0.999998    -2.35739
          0           0           0           1

<-One step transform 9->iterations: 25, Init error: 13.992, SBA error4.66366#
           1  0.000651604  0.000606753      15.1734
-0.000651472            1 -0.000219122     -11.9617
-0.000606895  0.000218726            1     -28.0298
           0            0            0            1

<-One step transform 13->iterations: 3, Init error: 20.0431, SBA error7.98943#
            1 -5.05495e-005   0.000698976         14.67
 5.03973e-005             1   0.000217794       1.37938
 -0.000698987  -0.000217758             1      -22.0274
            0             0             0             1

<-One step transform 17->iterations: 5, Init error: 86.0106, SBA error39.4885#
    0.999998  0.000248034   0.00209863      33.9829
-0.000244877     0.999999  -0.00150436     -16.3696
   -0.002099   0.00150384     0.999997      34.2132
           0            0            0            1

<-One step transform 21->iterations: 33, Init error: 8363.56, SBA error3763.12#
    0.999979  0.000226432   0.00642166       22.316
 -0.00022375            1 -0.000418419     -2.29923
 -0.00642175  0.000416973     0.999979   -0.0332776
           0            0            0            1

<-One step transform 25->iterations: 8, Init error: 75.8643, SBA error36.0276#
     0.999997 -8.80841e-005    0.00236793       27.3187
 8.77314e-005             1    0.00014906       1.38709
  -0.00236794  -0.000148852      0.999997       21.9007
            0             0             0             1

<-One step transform 29->iterations: 9, Init error: 86.9713, SBA error40.1052#
    0.999991   0.00126693   0.00414759       28.733
  -0.0012656     0.999999 -0.000324939     -3.87877
 -0.00414799  0.000319687     0.999991      25.6094
           0            0            0            1

<-One step transform 33->iterations: 4, Init error: 53.3316, SBA error33.592#
    0.999985  0.000803393   0.00537588      8.40272
-0.000807673     0.999999  0.000793992      -5.2427
 -0.00537524 -0.000798322     0.999985      34.4908
           0            0            0            1

<-One step transform 37->iterations: 37, Init error: 23.4632, SBA error19.4325#
    0.999989  -0.00169722   0.00427592      1.06041
  0.00169639     0.999999  0.000198908      7.22924
 -0.00427625 -0.000191652     0.999991       32.094
           0            0            0            1

<-One step transform 41->iterations: 21, Init error: 63.2981, SBA error39.4984#
    0.99999 -0.00131403  0.00435643     2.31666
 0.00132107    0.999998 -0.00161322     3.63199
 -0.0043543  0.00161896    0.999989     32.7919
          0           0           0           1

<-One step transform 45->iterations: 147, Init error: 294.193, SBA error160.182#
    0.999996  0.000514404   0.00284137      2.65044
-0.000512091            1 -0.000814452     -3.39938
 -0.00284179  0.000812994     0.999996      38.6419
           0            0            0            1

<-One step transform 49->iterations: 4, Init error: 30.3317, SBA error14.5363#
    0.999995  0.000741074   0.00313396    -0.931366
-0.000737736     0.999999  -0.00106635      -11.929
 -0.00313475   0.00106404     0.999995      42.8231
           0            0            0            1

<-One step transform 53->iterations: 20, Init error: 90.0644, SBA error64.1246#
    0.999987  0.000877826   0.00495768       4.8117
-0.000867371     0.999997  -0.00211068     -15.0048
 -0.00495952   0.00210635     0.999985      35.8588
           0            0            0            1

<-One step transform 57->iterations: 26, Init error: 38.7964, SBA error30.8638#
   0.999985 -0.00131161  0.00535939   -0.186595
 0.00131941    0.999998 -0.00145125    -0.12751
-0.00535748  0.00145829    0.999985     9.05546
          0           0           0           1

<-One step transform 61->iterations: 39, Init error: 32.9149, SBA error29.1708#
    0.999953 -0.000361791    0.0097085      5.30369
 0.000374084     0.999999  -0.00126441     -1.10759
 -0.00970803   0.00126799     0.999952      23.9629
           0            0            0            1

<-One step transform 65->iterations: 21, Init error: 258.956, SBA error129.792#
   0.999969 -0.00146867   0.0077038     10.8604
 0.00147998    0.999998 -0.00146166     2.40391
-0.00770164  0.00147302    0.999969     10.8058
          0           0           0           1

<-One step transform 69->iterations: 4, Init error: 176.178, SBA error135.214#
   0.999946 -0.00399326  0.00958871    -7.04865
 0.00400343    0.999991  -0.0010417    0.110857
-0.00958447  0.00108003    0.999953     32.4091
          0           0           0           1

<-One step transform 73->iterations: 79, Init error: 241.902, SBA error185.819#
   0.999978 -0.00107327  0.00655124    -2.89329
  0.0010688    0.999999 0.000684727     6.36195
-0.00655197 -0.00067771    0.999978     34.5308
          0           0           0           1

<-One step transform 77->iterations: 33, Init error: 834.12, SBA error382.574#
    0.999978 -0.000368019   0.00661189      3.24599
 0.000372608            1  -0.00069282    -0.951177
 -0.00661163  0.000695268     0.999978      10.4315
           0            0            0            1

<-One step transform 81->iterations: 6, Init error: 101.566, SBA error80.6258#
   0.999974 -0.00206961  0.00697606    -2.63389
 0.00208176    0.999996 -0.00173407     9.38387
-0.00697244  0.00174854    0.999974     25.2124
          0           0           0           1

<-One step transform 85->iterations: 45, Init error: 65.6837, SBA error52.0367#
   0.999967 -0.00169902  0.00792842     4.98189
 0.00170918    0.999998  -0.0012744     4.60754
-0.00792624  0.00128791    0.999968     24.0415
          0           0           0           1

<-One step transform 89->iterations: 32, Init error: 158.6, SBA error108.974#
   0.999966 -0.00122595   0.0081322     19.1913
 0.00123769    0.999998  -0.0014394      2.5442
-0.00813042  0.00144942    0.999966     11.5496
          0           0           0           1

<-One step transform 93->iterations: 24, Init error: 50.2818, SBA error41.6933#
   0.999976 -0.00132902  0.00672903    -2.74588
 0.00133798    0.999998 -0.00132785     6.93994
-0.00672725  0.00133682    0.999976      28.477
          0           0           0           1

<-One step transform 97->iterations: 2, Init error: 26.5724, SBA error23.9976#
   0.999979 -0.00185195  0.00615912   -0.505912
 0.00186357    0.999996 -0.00188158     9.74511
-0.00615561  0.00189302    0.999979     22.4177
          0           0           0           1

<-One step transform 101->iterations: 39, Init error: 38.8701, SBA error27.7558#
   0.999955 -0.00159126  0.00937259     15.7835
 0.00162124    0.999994 -0.00319197     2.50745
-0.00936745  0.00320703    0.999951     18.9386
          0           0           0           1

<-One step transform 105->iterations: 8, Init error: 41.7901, SBA error29.3411#
     0.999994    -0.0024088    0.00237558        10.429
     0.002409      0.999997 -8.21721e-005       14.1456
  -0.00237537  8.78944e-005      0.999997       22.0478
            0             0             0             1

<-One step transform 109->iterations: 31, Init error: 356.37, SBA error331.334#
     0.999995   -0.00141393    0.00281913       2.11408
   0.00141406      0.999999 -4.61938e-005       13.8589
  -0.00281906    5.018e-005      0.999996       21.1022
            0             0             0             1

<-One step transform 113->iterations: 26, Init error: 12891.3, SBA error724.303#
   0.999996  0.00240551  0.00176766     11.1326
-0.00240116    0.999994 -0.00246222     -8.2996
-0.00177358  0.00245797    0.999995     1.58274
          0           0           0           1

<-One step transform 117->iterations: 4, Init error: 39.3458, SBA error24.9115#
   0.999991   0.0020605  0.00363226     24.4605
-0.00205545    0.999997 -0.00139536    -25.2223
-0.00363512  0.00138788    0.999992    -37.7596
          0           0           0           1

<-One step transform 121->iterations: 3, Init error: 59.9699, SBA error38.1775#
     0.999992 -5.39761e-005    0.00398992      -12.6973
 5.22593e-005             1   0.000430371      0.690381
  -0.00398994  -0.000430159      0.999992       29.1349
            0             0             0             1

<-One step transform 125->iterations: 48, Init error: 77.3106, SBA error52.5573#
    0.999995   0.00142845   0.00263899    -0.396202
  -0.0014265     0.999999 -0.000739269      -5.5028
 -0.00264004  0.000735501     0.999996      28.8104
           0            0            0            1

<-One step transform 129->iterations: 15, Init error: 47.8918, SBA error36.5701#
    0.999996   0.00136006   0.00252767      11.4302
 -0.00135935     0.999999 -0.000283498      21.5549
 -0.00252805  0.000280061     0.999997      26.6614
           0            0            0            1

<-One step transform 133->iterations: 27, Init error: 56.848, SBA error46.638#
            1 -1.46481e-005   0.000235509       14.5117
 1.46237e-005             1    0.00010346      0.213292
 -0.000235511  -0.000103457             1       19.2104
            0             0             0             1

<-One step transform 137->iterations: 26, Init error: 49.9348, SBA error33.2675#
     0.999996    0.00125313    0.00266925       21.1181
  -0.00125293      0.999999 -7.45419e-005      -9.36038
  -0.00266934  7.11972e-005      0.999996       22.1796
            0             0             0             1

<-One step transform 141->iterations: 27, Init error: 42.7285, SBA error23.1308#
    0.999994  0.000114769   0.00333084      25.5616
-0.000114071            1  -0.00020978     -1.48488
 -0.00333087  0.000209399     0.999994      33.5736
           0            0            0            1

<-One step transform 145->iterations: 9, Init error: 2.06132e+006, SBA error137386#
    0.999993 -0.000387979   0.00373085      0.28462
 0.000389064            1 -0.000290119  -0.00697118
 -0.00373074  0.000291568     0.999993      1.84961
           0            0            0            1

<-One step transform 149->iterations: 4, Init error: 543.892, SBA error377.541#
     0.999995  2.90953e-005    0.00327473      -8.26116
-2.82258e-005             1  -0.000265585      -2.04576
  -0.00327474   0.000265491      0.999995       39.9173
            0             0             0             1

<-One step transform 153->iterations: 4, Init error: 339.589, SBA error271.882#
           1 -0.000544863   0.00053017     -7.70191
 0.000544641            1  0.000419296      8.09667
-0.000530398 -0.000419008            1      35.2863
           0            0            0            1

<-One step transform 157->iterations: 4, Init error: 236.914, SBA error126.489#
   0.999997   0.0022139 0.000558495     13.3856
-0.00221326    0.999997 -0.00113267    -4.95747
  -0.000561  0.00113143    0.999999     9.61661
          0           0           0           1

<-One step transform 161->iterations: 57, Init error: 73.5839, SBA error37.409#
    0.999999   0.00149968  0.000526547     -2.08227
 -0.00149924     0.999999 -0.000825643     -12.9078
-0.000527785  0.000824852            1      46.2561
           0            0            0            1

<-One step transform 165->iterations: 83, Init error: 271.852, SBA error153.65#
           1  -0.00012657  0.000226643      6.18149
 0.000126609            1 -0.000171726      0.01174
-0.000226621  0.000171754            1      35.0183
           0            0            0            1

<-One step transform 169->iterations: 27, Init error: 957.464, SBA error129.036#
    0.999999 -0.000188909   0.00161946      20.0698
 0.000189947            1 -0.000640688      1.05409
 -0.00161934  0.000640995     0.999998      5.59346
           0            0            0            1

<-One step transform 173->iterations: 3, Init error: 78.9696, SBA error48.7403#
    0.999996  0.000712336   0.00274954      37.5755
-0.000709386     0.999999  -0.00107379     -7.74814
  -0.0027503   0.00107184     0.999996      7.98556
           0            0            0            1

<-One step transform 177->iterations: 3, Init error: 52.742, SBA error50.026#
    0.999999 -0.000515461    0.0010346     0.569749
 0.000516107            1 -0.000623925      4.61422
 -0.00103428  0.000624459     0.999999      23.9828
           0            0            0            1

<-One step transform 181->iterations: 4, Init error: 94.7563, SBA error72.4532#
           1 -0.000435306   0.00039298      4.10354
  0.00043561            1 -0.000772408      2.62518
-0.000392644  0.000772579            1      25.4102
           0            0            0            1

<-One step transform 185->iterations: 6, Init error: 369.931, SBA error166.828#
    0.999998  0.000214616     0.001901       30.818
-0.000210472     0.999998  -0.00218002     -3.18403
 -0.00190146   0.00217962     0.999996      6.95931
           0            0            0            1

<-One step transform 189->iterations: 7, Init error: 489.269, SBA error186.321#
    0.999998 -0.000190822   0.00197194      28.8346
 0.000195434     0.999997  -0.00233849      1.56599
 -0.00197149   0.00233887     0.999995      3.38972
           0            0            0            1

<-One step transform 193->iterations: 2, Init error: 62.9102, SBA error59.6031#
           1 -0.000796534  0.000204311      17.3648
  0.00079659            1 -0.000278023      1.34292
-0.000204089  0.000278185            1     -4.21766
           0            0            0            1

<-One step transform 197->iterations: 37, Init error: 74.0178, SBA error67.3237#
    0.999999  0.000420924   0.00101255      7.32553
-0.000418599     0.999997  -0.00229461    0.0303788
 -0.00101351   0.00229419     0.999997        29.84
           0            0            0            1

<-One step transform 201->iterations: 23, Init error: 88.9487, SBA error57.7061#
    0.999997  0.000487691  -0.00246788     -13.0766
-0.000485253     0.999999  0.000988447      1.04436
  0.00246836 -0.000987247     0.999996      35.6168
           0            0            0            1

<-One step transform 205->iterations: 13, Init error: 267.245, SBA error171.977#
    0.999992   0.00105302   0.00387215      -5.9293
 -0.00105376     0.999999  0.000187887     -6.69197
 -0.00387195 -0.000191966     0.999992      29.5365
           0            0            0            1

<-One step transform 209->iterations: 2, Init error: 125.344, SBA error124.541#
   0.999989 -0.00364872  0.00289794     -24.696
  0.0036423    0.999991  0.00221864     3.17007
  -0.002906 -0.00220806    0.999993     4.90826
          0           0           0           1

<-One step transform 213->iterations: 3, Init error: 74.6734, SBA error37.88#
    0.999998 -0.000326655   0.00212562     -20.8132
 0.000324017     0.999999   0.00124122       2.1589
 -0.00212602  -0.00124053     0.999997      16.7966
           0            0            0            1

<-One step transform 217->iterations: 4, Init error: 521.302, SBA error361.217#
    0.999996  -0.00282231  0.000631639      10.5911
  0.00282011      0.99999   0.00346263      1.89212
-0.000641406  -0.00346083     0.999994      22.3338
           0            0            0            1

<-One step transform 221->iterations: 2, Init error: 1966.75, SBA error799.028#
   0.999994   -0.003091 -0.00130398     12.6814
  0.0030963    0.999987  0.00408488     15.1746
 0.00129133 -0.00408889    0.999991     2.13635
          0           0           0           1

<-One step transform 225->iterations: 2, Init error: 212.629, SBA error189.862#
   0.999986 -0.00354531  0.00385168     13.4209
 0.00353481     0.99999  0.00272949     8.76839
-0.00386132 -0.00271584    0.999989     3.70367
          0           0           0           1

<-One step transform 229->iterations: 2, Init error: 212.629, SBA error189.862#
-4.8367e-026 -4.8367e-026 -4.8367e-026 -4.8367e-026
-4.8367e-026 -4.8367e-026 -4.8367e-026 -4.8367e-026
-4.8367e-026 -4.8367e-026 -4.8367e-026 -4.8367e-026
-4.8367e-026 -4.8367e-026 -4.8367e-026 -4.8367e-026

<-One step transform 233->iterations: 2, Init error: 212.629, SBA error189.862#
-4.8367e-026 -4.8367e-026 -4.8367e-026 -4.8367e-026
-4.8367e-026 -4.8367e-026 -4.8367e-026 -4.8367e-026
-4.8367e-026 -4.8367e-026 -4.8367e-026 -4.8367e-026
-4.8367e-026 -4.8367e-026 -4.8367e-026 -4.8367e-026

<-One step transform 237->iterations: 78, Init error: 198.194, SBA error155.615#
     0.999998  -0.000385698    0.00205995       15.1655
  0.000385866             1 -8.13798e-005       2.49209
  -0.00205992  8.21745e-005      0.999998       15.3056
            0             0             0             1

<-One step transform 241->iterations: 2, Init error: 118.572, SBA error113.936#
    0.999999 -0.000492482   0.00154486      4.66456
 0.000490718     0.999999   0.00114174       2.3219
 -0.00154542  -0.00114098     0.999998      14.4617
           0            0            0            1

<-One step transform 245->iterations: 2, Init error: 26.8699, SBA error26.2159#
   0.999993 -0.00079535  0.00362876   -0.696938
0.000793243           1 0.000582012     1.31484
-0.00362922 -0.00057913    0.999993    -7.09983
          0           0           0           1

<-One step transform 249->iterations: 2, Init error: 49.2697, SBA error46.6072#
   0.999994 -0.00181925  0.00305508    0.949564
  0.0018145    0.999997  0.00155749      1.2479
-0.00305791 -0.00155194    0.999994    -5.79055
          0           0           0           1

<-One step transform 253->iterations: 3, Init error: 184.961, SBA error126.183#
   0.999998 -0.00108724   0.0016347    -12.6111
 0.00108194    0.999994  0.00324312     4.19177
-0.00163822 -0.00324135    0.999993     36.0008
          0           0           0           1

<-One step transform 257->iterations: 10, Init error: 49.3755, SBA error40.8097#
           1  0.000145886  0.000325464      4.61439
-0.000146564     0.999998   0.00208214     -2.32935
 -0.00032516  -0.00208218     0.999998      10.2858
           0            0            0            1

<-One step transform 261->iterations: 47, Init error: 186.751, SBA error129.573#
    0.999999   0.00107299  0.000550066      18.4655
 -0.00107354     0.999999  0.000988099     -1.55917
-0.000549005 -0.000988689     0.999999      12.6342
           0            0            0            1

<-One step transform 265->iterations: 3, Init error: 21.4705, SBA error19.2076#
   0.999994  0.00170497  -0.0028889     12.2297
-0.00169383    0.999991  0.00385415    -10.4532
 0.00289544 -0.00384923    0.999988    -13.6388
          0           0           0           1

<-One step transform 269->iterations: 1, Init error: 51.995, SBA error51.995#
    0.999999   0.00151151 -0.000535071            0
 -0.00151078     0.999998   0.00137048            0
 0.000537141  -0.00136967     0.999999            0
           0            0            0            1

<-One step transform 273->iterations: 35, Init error: 165.197, SBA error58.2641#
   0.999994  0.00279707 -0.00214673    -16.9004
 -0.0027942    0.999995  0.00133599     15.4243
 0.00215046 -0.00132998    0.999997     20.1567
          0           0           0           1

<-One step transform 277->iterations: 58, Init error: 3362.09, SBA error95.8676#
     0.99999    0.0031573  -0.00331713     -50.4659
 -0.00315532     0.999995  0.000603105      28.9215
  0.00331901 -0.000592632     0.999994      9.72262
           0            0            0            1

<-One step transform 281->iterations: 5, Init error: 321.046, SBA error148.264#
   0.999995  0.00270611 -0.00182934    -37.1663
-0.00270432    0.999996 0.000978153     27.4896
 0.00183198  -0.0009732    0.999998      15.015
          0           0           0           1

<-One step transform 285->iterations: 15, Init error: 464.456, SBA error217.768#
    0.999999  0.000869935 -0.000519728     -16.6571
-0.000870049            1 -0.000219782      5.40785
 0.000519536  0.000220234            1     -24.3278
           0            0            0            1

<-One step transform 289->iterations: 46, Init error: 856.629, SBA error482.76#
    0.999998   0.00201238  0.000923837     -1.26883
 -0.00201253     0.999998   0.00016166     -3.08043
 -0.00092351 -0.000163519            1       11.581
           0            0            0            1

<-One step transform 293->iterations: 2, Init error: 1095.47, SBA error427.474#
    0.999999   0.00142539  0.000806134      3.82265
  -0.0014265     0.999998   0.00138584      1.53245
-0.000804157  -0.00138699     0.999999      7.38393
           0            0            0            1

<-One step transform 297->iterations: 10, Init error: 65.4608, SBA error8.92502#
    0.999998   0.00157614  0.000757344     -21.4001
 -0.00157681     0.999998  0.000885975      3.32783
-0.000755947 -0.000887168     0.999999     -3.21603
           0            0            0            1

<-One step transform 301->iterations: 25, Init error: 22.7388, SBA error6.51634#
    0.999989   0.00209281   0.00423476     -10.6222
 -0.00209173     0.999998 -0.000259632      5.11639
  -0.0042353  0.000250771     0.999991      9.10787
           0            0            0            1

<-One step transform 305->iterations: 4, Init error: 42.4396, SBA error27.2995#
    0.99999  0.00261505  0.00363477     13.6826
-0.00260702    0.999994  -0.0022124    -22.5298
-0.00364053   0.0022029    0.999991    -4.77728
          0           0           0           1

<-One step transform 309->iterations: 4, Init error: 78.7736, SBA error43.2838#
   0.999996  0.00263726  0.00140066      28.132
-0.00263906    0.999996  0.00128665     -33.912
-0.00139726 -0.00129035    0.999998    -12.4067
          0           0           0           1

<-One step transform 313->iterations: 6, Init error: 38.5154, SBA error4.45092#
   0.999977  0.00509918  0.00453885    -14.5847
-0.00508979    0.999985  -0.0020782    -11.8908
-0.00454938  0.00205505    0.999988     10.2401
          0           0           0           1

<-One step transform 317->iterations: 19, Init error: 80.948, SBA error29.9536#
            1  7.15563e-005   0.000877381       24.7899
-7.02616e-005      0.999999   -0.00147562      -2.94571
 -0.000877486    0.00147556      0.999999      -16.9348
            0             0             0             1

<-One step transform 321->iterations: 6, Init error: 70.5966, SBA error28.2793#
           1 -0.000258359  0.000518196      29.2146
 0.000258985     0.999999  -0.00120909     -7.12786
-0.000517883   0.00120922     0.999999      28.3272
           0            0            0            1

<-One step transform 325->iterations: 11, Init error: 97.1864, SBA error36.7409#
    0.999999 -0.000909271  0.000972591      14.4063
  0.00091112     0.999998  -0.00190211     -9.24399
 -0.00097086   0.00190299     0.999998      90.3678
           0            0            0            1

<-One step transform 329->iterations: 2, Init error: 47.0027, SBA error44.219#
   0.999995 -0.00249222  0.00198224     5.27228
 0.00249649    0.999995 -0.00215535     12.2849
-0.00197686  0.00216028    0.999996      15.933
          0           0           0           1

<-One step transform 333->iterations: 3, Init error: 48.4456, SBA error41.8351#
    0.999998  -0.00199147   0.00075943     -2.56332
  0.00199088     0.999998  0.000773642     0.996984
-0.000760969 -0.000772129     0.999999      29.4721
           0            0            0            1

<-One step transform 337->iterations: 8, Init error: 214.6, SBA error146.582#
   0.999995 -0.00233279   0.0020511    -25.4313
 0.00232912    0.999996  0.00178771    -9.07458
-0.00205526 -0.00178292    0.999996      21.285
          0           0           0           1

<-One step transform 341->iterations: 16, Init error: 118.277, SBA error81.9531#
     0.999994  -0.000620122    0.00330741      -20.4164
  0.000620444             1 -9.62887e-005      -3.20274
  -0.00330735  9.83402e-005      0.999995       35.6984
            0             0             0             1

<-One step transform 345->iterations: 2, Init error: 113.23, SBA error81.6123#
    0.999988  -0.00201007   0.00435767     -15.4744
    0.002006     0.999998  0.000937543     -7.76088
 -0.00435954 -0.000928791      0.99999       14.322
           0            0            0            1

<-One step transform 349->iterations: 3, Init error: 136.441, SBA error100.55#
   0.999981 -0.00557711   0.0025732    -15.0804
 0.00557215    0.999983  0.00193125     4.64542
-0.00258393 -0.00191687    0.999995     33.4027
          0           0           0           1

<-One step transform 353->iterations: 10, Init error: 43.6254, SBA error29.5135#
    0.999987  -0.00373788   0.00332969     -14.4323
  0.00373606     0.999993  0.000553206     -2.73945
 -0.00333173 -0.000540759     0.999994     -4.29263
           0            0            0            1

<-One step transform 357->iterations: 3, Init error: 57.4495, SBA error30.1883#
    0.999998  -0.00176624   0.00129938     -17.5068
  0.00176536     0.999998  0.000678911      1.53987
 -0.00130058 -0.000676616     0.999999    -0.356124
           0            0            0            1

<-One step transform 361->iterations: 3, Init error: 117.596, SBA error38.6151#
    0.999996  0.000561949    -0.002806     -26.7267
-0.000560625            1  0.000472635      1.42595
  0.00280627  -0.00047106     0.999996      -8.2573
           0            0            0            1

<-One step transform 365->iterations: 42, Init error: 54.3237, SBA error16.2653#
    0.999993   0.00100332    0.0035291     -18.8117
-0.000994202     0.999996  -0.00258348      4.67464
 -0.00353168   0.00257995      0.99999      7.50997
           0            0            0            1

<-One step transform 369->iterations: 39, Init error: 51.3805, SBA error38.3866#
    0.999941 -0.000950228    0.0107925     -15.6799
  0.00100763     0.999985  -0.00531434     -1.53536
  -0.0107873    0.0053249     0.999928        6.427
           0            0            0            1

<-One step transform 373->iterations: 1, Init error: 33.5787, SBA error33.5787#
    0.999986  -0.00449404   0.00271198            0
  0.00449361      0.99999  0.000162393            0
 -0.00271268 -0.000150204     0.999996            0
           0            0            0            1

<-One step transform 377->iterations: 3, Init error: 2740.21, SBA error149.199#
    0.999997  -0.00227542  0.000474688      16.2344
  0.00227497     0.999997  0.000941092      1.02558
-0.000476828  -0.00094001     0.999999      6.37662
           0            0            0            1

<-One step transform 381->iterations: 2, Init error: 55.4955, SBA error51.9406#
   0.999973  0.00451023  0.00584625     14.7379
-0.00448797    0.999983   -0.003816    -1.74318
-0.00586336  0.00378966    0.999976     10.9392
          0           0           0           1

<-One step transform 385->iterations: 9, Init error: 75.811, SBA error20.2107#
    0.99996  0.00564643  0.00688124     27.7232
-0.00561363    0.999973 -0.00477599     17.3405
-0.00690802  0.00473717    0.999965      45.717
          0           0           0           1

<-One step transform 389->iterations: 2, Init error: 39.0958, SBA error38.8591#
   0.999994 -0.00198644 -0.00294955     5.47304
 0.00199094    0.999997   0.0015224   0.0267638
 0.00294652 -0.00152827    0.999994     10.2536
          0           0           0           1

<-One step transform 393->iterations: 8, Init error: 119.683, SBA error9.26528#
     0.999997    0.00222108    0.00134549      -30.6137
  -0.00222116      0.999998  5.57206e-005       29.5295
  -0.00134536 -5.87089e-005      0.999999       31.7434
            0             0             0             1

<-One step transform 397->iterations: 37, Init error: 55.7199, SBA error9.30489#
   0.999977   0.0044556  0.00519795    -23.0368
 -0.0044645    0.999989  0.00170281     10.1172
 -0.0051903 -0.00172597    0.999985      18.675
          0           0           0           1

<-One step transform 401->iterations: 20, Init error: 75.1666, SBA error24.4155#
   0.999995 0.000998776  0.00290775     -26.633
-0.00100723    0.999995  0.00290778     15.1419
-0.00290483 -0.00291069    0.999992     8.57707
          0           0           0           1

<-One step transform 405->iterations: 27, Init error: 46.0525, SBA error45.04#
    0.99998 -0.00494907  0.00404898    -2.76908
 0.00495404    0.999987 -0.00121756 -0.00715774
 -0.0040429  0.00123759    0.999991     9.90522
          0           0           0           1

<-One step transform 409->iterations: 1, Init error: 63.6093, SBA error63.6093#
    0.999998  0.000719683     0.001694            0
-0.000723172     0.999998   0.00205985            0
 -0.00169252  -0.00206107     0.999996            0
           0            0            0            1

<-One step transform 413->iterations: 12, Init error: 38.2772, SBA error31.0986#
   0.999978  0.00653454  0.00104175    -2.98742
-0.00653852    0.999971  0.00386429     11.6181
-0.00101646 -0.00387102    0.999992     11.9639
          0           0           0           1

<-One step transform 417->iterations: 10, Init error: 50.7225, SBA error19.4838#
    0.999948   0.00873284   0.00523006     -10.6523
 -0.00872801     0.999961 -0.000946442       4.2552
 -0.00523812  0.000900745     0.999986      10.4929
           0            0            0            1

<-One step transform 421->iterations: 3, Init error: 32.2597, SBA error10.4132#
    0.99992   0.0053467     0.01144    -12.5554
-0.00525685    0.999955 -0.00786963    -8.11895
 -0.0114815  0.00780886    0.999904     3.07303
          0           0           0           1

<-One step transform 425->iterations: 19, Init error: 26.8027, SBA error25.8916#
   0.999973 -0.00428999  0.00603051     3.47578
 0.00434677    0.999946 -0.00943337   0.0105514
-0.00598971  0.00945933    0.999937    0.697324
          0           0           0           1

<-One step transform 429->iterations: 23, Init error: 23.0467, SBA error21.6697#
   0.999989  0.00192672   0.0042364     3.83167
-0.00190735    0.999988 -0.00457152  -0.0478928
-0.00424516  0.00456339    0.999981    -1.83937
          0           0           0           1

<-One step transform 433->iterations: 10, Init error: 186.632, SBA error57.7247#
   0.999968  0.00342079  0.00729655     36.1019
-0.00337869    0.999978 -0.00577529    -19.4538
-0.00731615  0.00575045    0.999957     20.6362
          0           0           0           1

<-One step transform 437->iterations: 6, Init error: 495.153, SBA error374.047#
   0.999961 -0.00542744  0.00698027     16.7046
  0.0054702    0.999966 -0.00612234     4.12954
-0.00694681  0.00616028    0.999957    0.741367
          0           0           0           1

<-One step transform 441->iterations: 4, Init error: 175.737, SBA error70.29#
   0.999933 -0.00679638  0.00937591     25.2167
 0.00680731    0.999976 -0.00113432     8.25329
-0.00936798  0.00119807    0.999955     2.00856
          0           0           0           1

<-One step transform 445->iterations: 2, Init error: 46.6646, SBA error40.7753#
   0.999936 -0.00606744  0.00953351     12.4988
 0.00608772    0.999979 -0.00210001    0.050233
-0.00952057  0.00215792    0.999952     0.87723
          0           0           0           1

<-One step transform 449->iterations: 1, Init error: 66.2552, SBA error66.2552#
   0.999958 -0.00537806  0.00747492           0
 0.00542477    0.999966 -0.00624356           0
-0.00744109  0.00628385    0.999953           0
          0           0           0           1

<-One step transform 453->iterations: 17, Init error: 30.7725, SBA error21.6824#
   0.999955 -0.00696819  0.00638553    -2.56686
 0.00698324    0.999973 -0.00233731   -0.607955
-0.00636907   0.0023818    0.999977      3.1498
          0           0           0           1

<-One step transform 457->iterations: 2, Init error: 108.664, SBA error62.1289#
   0.999957 -0.00553194  0.00746404     -16.467
 0.00554266    0.999984  -0.0014162    -10.5006
-0.00745608  0.00145751    0.999971     9.39867
          0           0           0           1

<-One step transform 461->iterations: 73, Init error: 49.7735, SBA error27.5554#
   0.999945 -0.00534637  0.00907261    -7.93457
 0.00536575    0.999983 -0.00211349   -0.357794
-0.00906116  0.00216205    0.999957    0.336463
          0           0           0           1

<-One step transform 465->iterations: 4, Init error: 60.0783, SBA error43.0246#
    0.999947  -0.00824914   0.00611104     -14.5868
  0.00825213     0.999966 -0.000464079     0.138831
   -0.006107  0.000514484     0.999981     0.632121
           0            0            0            1

<-One step transform 469->iterations: 1, Init error: 44.2523, SBA error44.2523#
   0.999961 -0.00667328  0.00576737           0
  0.0066851    0.999976 -0.00203268           0
-0.00575367  0.00207116    0.999981           0
          0           0           0           1

