<-Total transform 9->iterations: 1, Init error: 157.272, SBA error157.272#
   0.997915  -0.0214371   0.0608838           0
  0.0211586    0.999763  0.00521475           0
 -0.0609811 -0.00391566    0.998131           0
          0           0           0           1

<-Total transform 17->iterations: 3, Init error: 156.883, SBA error20.9762#
    0.99684  -0.0297723   0.0736398    -26.1375
  0.0293964    0.999549  0.00618344    -1.42795
 -0.0737906 -0.00399916    0.997266     -13.546
          0           0           0           1

<-Total transform 25->iterations: 1, Init error: 267.803, SBA error267.803#
   0.996371  -0.0370163   0.0766508    -26.1679
  0.0363705     0.99929  0.00980465    -1.65874
 -0.0769593 -0.00698124     0.99701    -13.4607
          0           0           0           1

<-Total transform 33->iterations: 2, Init error: 273.559, SBA error270.676#
  0.996013 -0.0425643  0.0784037   -7.08304
 0.0416183    0.99904  0.0136611   -2.12842
-0.0789099 -0.0103436   0.996828   -19.4177
         0          0          0          1

<-Total transform 41->iterations: 2, Init error: 155.377, SBA error44.3413#
  0.995619 -0.0472698   0.080677   -21.6978
 0.0461866   0.998817  0.0152407   -9.49915
-0.0813019 -0.0114478   0.996624   -23.4364
         0          0          0          1

<-Total transform 49->iterations: 2, Init error: 142.625, SBA error94.9279#
  0.995279 -0.0508229  0.0826828   -35.8363
 0.0497245   0.998646  0.0152911   -9.45138
 -0.083348 -0.0111076   0.996459   -23.7169
         0          0          0          1

<-Total transform 57->iterations: 3, Init error: 124.765, SBA error37.9909#
  0.995206 -0.0522599  0.0826649   -56.7856
 0.0512363   0.998582  0.0144562   -9.42576
-0.0833031 -0.0101514   0.996473   -40.2397
         0          0          0          1

<-Total transform 65->iterations: 34, Init error: 76.1803, SBA error74.5135#
   0.995282  -0.0524901   0.0816028    -57.3641
  0.0515988    0.998583   0.0129944    -9.39261
 -0.0821693 -0.00872253     0.99658    -41.2318
          0           0           0           1

<-Total transform 73->iterations: 4, Init error: 55.7538, SBA error23.4352#
   0.995404  -0.0517916   0.0805574    -45.5209
  0.0509437    0.998623   0.0125469    -12.4802
 -0.0810963 -0.00838531    0.996671    -66.2209
          0           0           0           1

<-Total transform 81->iterations: 8, Init error: 73.9669, SBA error13.9951#
   0.995607  -0.0497959   0.0792883    -50.6049
  0.0488921    0.998716   0.0133005    -21.1448
 -0.0798488 -0.00936553    0.996763    -82.8994
          0           0           0           1

<-Total transform 89->iterations: 45, Init error: 57.9177, SBA error47.9124#
   0.995699  -0.0483137   0.0790492    -55.0825
  0.0473762    0.998783   0.0136939    -20.8401
 -0.0796146 -0.00988991    0.996777    -90.0121
          0           0           0           1

<-Total transform 97->iterations: 3, Init error: 31.0211, SBA error24.5579#
   0.995701   -0.047541   0.0794923    -52.2892
  0.0469872    0.998857   0.0088246    -21.8703
 -0.0798209 -0.00505155    0.996796    -114.908
          0           0           0           1

<-Total transform 105->iterations: 3, Init error: 80.5824, SBA error75.7763#
   0.995754  -0.0481107    0.078483    -47.0697
  0.0479798    0.998842  0.00355403    -18.7375
 -0.0785631 0.000226662    0.996909    -133.525
          0           0           0           1

<-Total transform 113->iterations: 1, Init error: 78.9766, SBA error78.9766#
   0.995563  -0.0511953   0.0789493    -47.0756
  0.0515169     0.99867 -0.00204049    -18.1008
 -0.0787398  0.00609865    0.996877    -133.611
          0           0           0           1

<-Total transform 121->iterations: 23, Init error: 48.1787, SBA error43.9611#
  0.993869 -0.0592466  0.0933517     -50.28
 0.0607975   0.998054 -0.0138559   -16.9748
-0.0923491  0.0194465   0.995537   -133.275
         0          0          0          1

<-Total transform 129->iterations: 1, Init error: 264.935, SBA error264.935#
  0.993299 -0.0642769   0.096055   -50.5454
 0.0656931   0.997772 -0.0116515   -17.4619
 -0.095092  0.0178836   0.995308   -133.112
         0          0          0          1

<-Total transform 137->iterations: 18, Init error: 51.6245, SBA error36.1363#
   0.993013  -0.0683221   0.0962178    -58.3273
  0.0693848     0.99756 -0.00773785    -16.9004
 -0.0954543   0.0143598     0.99533    -151.717
          0           0           0           1

<-Total transform 145->iterations: 2, Init error: 81.0684, SBA error59.8374#
   0.992552  -0.0715263   0.0986161    -68.6954
  0.0723951    0.997362 -0.00525534     -17.311
 -0.0979801   0.0123555    0.995112    -153.076
          0           0           0           1

<-Total transform 153->iterations: 35, Init error: 19.7349, SBA error8.06053#
   0.991847  -0.0743329    0.103509    -75.8223
  0.0751856     0.99716 -0.00435508     -17.629
  -0.102891   0.0121019    0.994619    -158.737
          0           0           0           1

<-Total transform 161->iterations: 55, Init error: 90.1421, SBA error48.027#
   0.991169   -0.076556    0.108274    -85.7211
  0.0772754    0.997007 -0.00245776    -18.7173
  -0.107762    0.010803    0.994118    -163.794
          0           0           0           1

<-Total transform 169->iterations: 27, Init error: 90.7922, SBA error90.1208#
   0.990389  -0.0784469    0.113912    -85.8526
  0.0790822    0.996868 -0.00106168    -19.0811
  -0.113472   0.0100599     0.99349     -163.34
          0           0           0           1

<-Total transform 177->iterations: 3, Init error: 39.5569, SBA error27.411#
   0.98947 -0.0810316    0.11993   -86.9503
 0.0812973   0.996686 0.00268333   -19.2535
  -0.11975 0.00709491   0.992779   -183.391
         0          0          0          1

<-Total transform 185->iterations: 7, Init error: 81.9091, SBA error39.2161#
  0.988116 -0.0846189    0.12832   -77.4149
 0.0845279   0.996402 0.00616468   -19.4772
  -0.12838 0.00475522   0.991714   -201.679
         0          0          0          1

<-Total transform 193->iterations: 3, Init error: 171.158, SBA error103.77#
  0.986771 -0.0881973    0.13603    -89.431
 0.0879468   0.996094 0.00786194   -18.8477
 -0.136192 0.00420544   0.990674   -204.698
         0          0          0          1

<-Total transform 201->iterations: 18, Init error: 41.0541, SBA error29.9808#
  0.980592  -0.106095   0.164875   -89.7915
  0.105326   0.994347  0.0134252   -20.0659
 -0.165367 0.00420099   0.986223   -205.525
         0          0          0          1

<-Total transform 209->iterations: 5, Init error: 82.4639, SBA error71.6072#
  0.978008  -0.113069   0.175258   -78.0403
   0.11207   0.993578  0.0156198   -19.1947
 -0.175898 0.00436481   0.984399    -210.17
         0          0          0          1

<-Total transform 217->iterations: 25, Init error: 1324.93, SBA error319.809#
  0.972235  -0.127549   0.196191   -132.892
   0.12642   0.991808  0.0183191   -43.0401
  -0.19692 0.00699201   0.980395    -212.48
         0          0          0          1

<-Total transform 225->iterations: 1, Init error: 281.618, SBA error281.618#
  0.968571  -0.137941   0.206983   -134.807
  0.136877   0.990396  0.0195197   -44.2544
 -0.207687 0.00942499    0.97815   -211.019
         0          0          0          1

<-Total transform 233->iterations: 2, Init error: 322.911, SBA error90.1822#
 0.965709 -0.147589  0.213597  -113.326
 0.146354  0.988995  0.021673  -36.2043
-0.214445  0.010331  0.976681  -234.503
        0         0         0         1

<-Total transform 241->iterations: 2, Init error: 315.641, SBA error267.014#
  0.96191 -0.160547  0.221254   -105.37
 0.159003  0.986964 0.0248935  -29.3687
-0.222366 0.0112346  0.974899  -245.524
        0         0         0         1

<-Total transform 249->iterations: 3, Init error: 891.426, SBA error508.817#
 0.958384 -0.171842  0.227972  -131.414
 0.170837     0.985 0.0242896  -45.6671
-0.228726 0.0156672  0.973365  -252.185
        0         0         0         1

<-Total transform 257->iterations: 2, Init error: 349.513, SBA error296.7#
 0.955387 -0.180774  0.233571  -151.188
 0.181016  0.983265  0.020589  -40.2017
-0.233384 0.0226095  0.972122  -293.547
        0         0         0         1

<-Total transform 265->iterations: 1, Init error: 778.039, SBA error778.039#
 0.953027 -0.186758  0.238456  -152.449
  0.18832   0.98197 0.0164224  -39.4456
-0.237224 0.0292551  0.971014  -292.997
        0         0         0         1

<-Total transform 273->iterations: 2, Init error: 348.202, SBA error288.161#
 0.951081 -0.190111   0.24352  -156.816
 0.192648  0.981174 0.0135864    -38.19
-0.241518 0.0339917  0.969801  -309.484
        0         0         0         1

<-Total transform 281->iterations: 2, Init error: 598.404, SBA error562.637#
 0.949343 -0.191923  0.248825  -165.874
 0.194968  0.980729  0.012591  -36.2889
-0.246447 0.0365598  0.968467   -314.86
        0         0         0         1

<-Total transform 289->iterations: 3, Init error: 1180.52, SBA error921.606#
 0.947376 -0.193292   0.25518  -181.069
 0.196722  0.980383 0.0122658  -37.9717
-0.252545 0.0385793  0.966816  -340.699
        0         0         0         1

<-Total transform 297->iterations: 3, Init error: 209.195, SBA error167.001#
 0.945449 -0.194577  0.261279  -198.771
 0.198183  0.980082 0.0127419  -34.2265
-0.258554 0.0397343  0.965179  -359.373
        0         0         0         1

<-Total transform 305->iterations: 18, Init error: 215.006, SBA error207.506#
 0.943325 -0.196136  0.267711  -198.202
 0.200034  0.979704 0.0129176  -34.4699
-0.264811 0.0413657  0.963413   -362.68
        0         0         0         1

<-Total transform 313->iterations: 1, Init error: 436.262, SBA error436.262#
 0.940731 -0.198969  0.274658  -200.719
 0.203326  0.979027 0.0128184  -34.7453
-0.271448 0.0437865  0.961457  -361.267
        0         0         0         1

<-Total transform 321->iterations: 2, Init error: 479.132, SBA error328.291#
 0.936991 -0.204652  0.283136  -218.302
 0.210179    0.9776 0.0110642  -28.9948
-0.279059 0.0491421  0.959016   -396.61
        0         0         0         1

<-Total transform 329->iterations: 23, Init error: 1341.9, SBA error299.226#
  0.933057  -0.210888   0.291428   -156.707
  0.217996   0.975915 0.00825646   -22.6989
  -0.28615  0.0558264   0.956557   -448.188
         0          0          0          1

<-Total transform 337->iterations: 6, Init error: 101.532, SBA error47.6587#
  0.930017  -0.215693   0.297564   -148.573
  0.223825   0.974605 0.00690124   -19.8013
 -0.291496  0.0601841   0.954677   -456.296
         0          0          0          1

<-Total transform 345->iterations: 2, Init error: 858.402, SBA error464.122#
  0.92547 -0.222373  0.306686  -129.988
 0.231586  0.972793 0.0065118  -9.37913
 -0.29979 0.0649978  0.951789   -462.06
        0         0         0         1

<-Total transform 353->iterations: 1, Init error: 913.371, SBA error913.371#
  0.921497  -0.227838   0.314537   -133.762
    0.2383   0.971177 0.00533703   -8.69127
 -0.306687  0.0700362    0.94923   -460.995
         0          0          0          1

<-Total transform 361->iterations: 34, Init error: 3162.6, SBA error2723.34#
 0.918694 -0.231019  0.320363  -91.9397
 0.242774  0.970077 0.0033439  -5.03962
 -0.31155 0.0747038  0.947289  -464.947
        0         0         0         1

<-Total transform 369->iterations: 13, Init error: 469.666, SBA error180.984#
  0.915674  -0.234057   0.326739   -79.2269
   0.24728   0.968944 0.00110232   -1.41177
  -0.31685  0.0797866   0.945114   -502.935
         0          0          0          1

