<-Total transform 3->iterations: 1, Init error: 57.621, SBA error57.621#
   0.997915  -0.0214371   0.0608838           0
  0.0211586    0.999763  0.00521475           0
 -0.0609811 -0.00391566    0.998131           0
          0           0           0           1

<-Total transform 5->iterations: 2, Init error: 7.51895, SBA error7.26892#
    0.99684  -0.0297723   0.0736398     2.35955
  0.0293964    0.999549  0.00618344   0.0491837
 -0.0737906 -0.00399916    0.997266   -0.728834
          0           0           0           1

<-Total transform 7->iterations: 36, Init error: 11.4083, SBA error11.0944#
   0.996371  -0.0370163   0.0766508     2.70394
  0.0363705     0.99929  0.00980465   0.0350021
 -0.0769593 -0.00698124     0.99701   -0.878243
          0           0           0           1

<-Total transform 9->iterations: 39, Init error: 10.2929, SBA error4.24727#
  0.996013 -0.0425643  0.0784037   0.886582
 0.0416183    0.99904  0.0136611  0.0455988
-0.0789099 -0.0103436   0.996828   -1.39727
         0          0          0          1

<-Total transform 11->iterations: 22, Init error: 24.1908, SBA error4.99193#
  0.995619 -0.0472698   0.080677   -6.99696
 0.0461866   0.998817  0.0152407   -0.50119
-0.0813019 -0.0114478   0.996624  -0.929209
         0          0          0          1

<-Total transform 13->iterations: 20, Init error: 24.6286, SBA error10.4314#
  0.995279 -0.0508229  0.0826828   -14.6389
 0.0497245   0.998646  0.0152911   -1.92753
 -0.083348 -0.0111076   0.996459  -0.212371
         0          0          0          1

<-Total transform 15->iterations: 3, Init error: 30.3872, SBA error9.94137#
  0.995206 -0.0522599  0.0826649   -23.7495
 0.0512363   0.998582  0.0144562  -0.457597
-0.0833031 -0.0101514   0.996473   -3.13676
         0          0          0          1

<-Total transform 17->iterations: 2, Init error: 20.8327, SBA error12.0148#
   0.995282  -0.0524901   0.0816028    -25.3987
  0.0515988    0.998583   0.0129944   -0.354349
 -0.0821693 -0.00872253     0.99658    -7.43524
          0           0           0           1

<-Total transform 19->iterations: 1, Init error: 13.2982, SBA error13.2982#
   0.995404  -0.0517916   0.0805574    -25.3911
  0.0509437    0.998623   0.0125469    -0.33389
 -0.0810963 -0.00838531    0.996671    -7.46224
          0           0           0           1

<-Total transform 21->iterations: 1, Init error: 22.7034, SBA error22.7034#
   0.995607  -0.0497959   0.0792883     -25.382
  0.0488921    0.998716   0.0133005   -0.290297
 -0.0798488 -0.00936553    0.996763    -7.49493
          0           0           0           1

<-Total transform 23->iterations: 1, Init error: 13.8509, SBA error13.8509#
   0.995699  -0.0483137   0.0790492    -25.3804
  0.0473762    0.998783   0.0136939   -0.256537
 -0.0796146 -0.00988991    0.996777    -7.50139
          0           0           0           1

<-Total transform 25->iterations: 1, Init error: 24.6019, SBA error24.6019#
   0.995701   -0.047541   0.0794923    -25.3839
  0.0469872    0.998857   0.0088246   -0.200661
 -0.0798209 -0.00505155    0.996796    -7.49143
          0           0           0           1

<-Total transform 27->iterations: 1, Init error: 44.1631, SBA error44.1631#
   0.995754  -0.0481107    0.078483    -25.3762
  0.0479798    0.998842  0.00355403   -0.175179
 -0.0785631 0.000226662    0.996909    -7.51804
          0           0           0           1

<-Total transform 29->iterations: 2, Init error: 24.2321, SBA error22.9598#
   0.995563  -0.0511953   0.0789493    -19.5304
  0.0515169     0.99867 -0.00204049   -0.245222
 -0.0787398  0.00609865    0.996877    -9.30488
          0           0           0           1

<-Total transform 31->iterations: 5, Init error: 11.6867, SBA error7.60605#
  0.993869 -0.0592466  0.0933517   -15.0044
 0.0607975   0.998054 -0.0138559  -0.184698
-0.0923491  0.0194465   0.995537   -10.8184
         0          0          0          1

<-Total transform 33->iterations: 20, Init error: 7.01327, SBA error6.79243#
  0.993299 -0.0642769   0.096055   -13.4721
 0.0656931   0.997772 -0.0116515  -0.290062
 -0.095092  0.0178836   0.995308   -12.4661
         0          0          0          1

<-Total transform 35->iterations: 3, Init error: 23.7475, SBA error10.2264#
   0.993013  -0.0683221   0.0962178    -21.3264
  0.0693848     0.99756 -0.00773785     1.68126
 -0.0954543   0.0143598     0.99533    -17.5339
          0           0           0           1

<-Total transform 37->iterations: 3, Init error: 27.4341, SBA error8.30395#
   0.992552  -0.0715263   0.0986161    -28.9216
  0.0723951    0.997362 -0.00525534     1.02445
 -0.0979801   0.0123555    0.995112    -18.5238
          0           0           0           1

<-Total transform 39->iterations: 2, Init error: 11.0994, SBA error10.8948#
   0.991847  -0.0743329    0.103509    -30.6336
  0.0751856     0.99716 -0.00435508    0.521952
  -0.102891   0.0121019    0.994619    -17.7144
          0           0           0           1

<-Total transform 41->iterations: 2, Init error: 16.1549, SBA error10.8541#
   0.991169   -0.076556    0.108274     -32.713
  0.0772754    0.997007 -0.00245776   -0.131139
  -0.107762    0.010803    0.994118     -17.629
          0           0           0           1

<-Total transform 43->iterations: 3, Init error: 28.2251, SBA error9.66697#
   0.990389  -0.0784469    0.113912    -39.8537
  0.0790822    0.996868 -0.00106168    0.274914
  -0.113472   0.0100599     0.99349    -19.2473
          0           0           0           1

<-Total transform 45->iterations: 3, Init error: 20.2155, SBA error9.65318#
   0.98947 -0.0810316    0.11993   -46.0059
 0.0812973   0.996686 0.00268333    2.21132
  -0.11975 0.00709491   0.992779    -23.496
         0          0          0          1

<-Total transform 47->iterations: 3, Init error: 12.6058, SBA error8.95419#
  0.988116 -0.0846189    0.12832   -50.1937
 0.0845279   0.996402 0.00616468    5.81002
  -0.12838 0.00475522   0.991714   -26.2708
         0          0          0          1

<-Total transform 49->iterations: 2, Init error: 14.4646, SBA error10.5463#
  0.986771 -0.0881973    0.13603   -53.5523
 0.0879468   0.996094 0.00786194    5.66739
 -0.136192 0.00420544   0.990674   -26.0942
         0          0          0          1

<-Total transform 51->iterations: 3, Init error: 8.95252, SBA error6.66528#
  0.980592  -0.106095   0.164875   -56.3602
  0.105326   0.994347  0.0134252    7.62728
 -0.165367 0.00420099   0.986223   -27.7545
         0          0          0          1

<-Total transform 53->iterations: 3, Init error: 22.372, SBA error11.5987#
  0.978008  -0.113069   0.175258   -61.5959
   0.11207   0.993578  0.0156198    8.29461
 -0.175898 0.00436481   0.984399   -30.5809
         0          0          0          1

<-Total transform 55->iterations: 6, Init error: 20.439, SBA error6.66009#
  0.972235  -0.127549   0.196191   -68.2791
   0.12642   0.991808  0.0183191    7.28814
  -0.19692 0.00699201   0.980395   -31.6285
         0          0          0          1

<-Total transform 57->iterations: 7, Init error: 21.7161, SBA error14.4542#
  0.968571  -0.137941   0.206983   -73.4836
  0.136877   0.990396  0.0195197    5.01073
 -0.207687 0.00942499    0.97815   -32.0709
         0          0          0          1

<-Total transform 59->iterations: 27, Init error: 14.7793, SBA error11.0926#
 0.965709 -0.147589  0.213597   -75.817
 0.146354  0.988995  0.021673   4.04034
-0.214445  0.010331  0.976681  -31.8639
        0         0         0         1

<-Total transform 61->iterations: 42, Init error: 9.53875, SBA error7.90416#
  0.96191 -0.160547  0.221254  -77.0485
 0.159003  0.986964 0.0248935   2.93351
-0.222366 0.0112346  0.974899  -31.3823
        0         0         0         1

<-Total transform 63->iterations: 18, Init error: 6.36372, SBA error4.28033#
 0.958384 -0.171842  0.227972  -79.0957
 0.170837     0.985 0.0242896   2.17514
-0.228726 0.0156672  0.973365  -31.2842
        0         0         0         1

<-Total transform 65->iterations: 40, Init error: 8.64492, SBA error8.46197#
 0.955387 -0.180774  0.233571  -79.8885
 0.181016  0.983265  0.020589   1.49685
-0.233384 0.0226095  0.972122  -31.1404
        0         0         0         1

<-Total transform 67->iterations: 15, Init error: 6.02605, SBA error5.63427#
 0.953027 -0.186758  0.238456  -80.1668
  0.18832   0.98197 0.0164224   1.15918
-0.237224 0.0292551  0.971014  -31.0486
        0         0         0         1

<-Total transform 69->iterations: 3, Init error: 4.89652, SBA error3.86703#
 0.951081 -0.190111   0.24352  -77.9094
 0.192648  0.981174 0.0135864   1.02177
-0.241518 0.0339917  0.969801  -31.4397
        0         0         0         1

<-Total transform 71->iterations: 6, Init error: 25.6679, SBA error9.62543#
 0.949343 -0.191923  0.248825  -71.2919
 0.194968  0.980729  0.012591   2.38842
-0.246447 0.0365598  0.968467  -34.1062
        0         0         0         1

<-Total transform 73->iterations: 2, Init error: 149.662, SBA error76.7331#
 0.947376 -0.193292   0.25518  -67.8506
 0.196722  0.980383 0.0122658   7.18696
-0.252545 0.0385793  0.966816 -0.873579
        0         0         0         1

<-Total transform 75->iterations: 3, Init error: 8.32376, SBA error5.44477#
 0.945449 -0.194577  0.261279  -69.5043
 0.198183  0.980082 0.0127419    9.1916
-0.258554 0.0397343  0.965179  -3.91971
        0         0         0         1

<-Total transform 77->iterations: 4, Init error: 9.14674, SBA error4.77469#
 0.943325 -0.196136  0.267711  -68.5067
 0.200034  0.979704 0.0129176   9.55121
-0.264811 0.0413657  0.963413  -6.78095
        0         0         0         1

<-Total transform 79->iterations: 17, Init error: 11.8035, SBA error4.77541#
 0.940731 -0.198969  0.274658  -69.2534
 0.203326  0.979027 0.0128184   9.94496
-0.271448 0.0437865  0.961457  -8.36357
        0         0         0         1

<-Total transform 81->iterations: 9, Init error: 24.724, SBA error13.8619#
 0.936991 -0.204652  0.283136  -74.3532
 0.210179    0.9776 0.0110642   13.1164
-0.279059 0.0491421  0.959016  -11.3703
        0         0         0         1

<-Total transform 83->iterations: 23, Init error: 14.3154, SBA error3.5504#
  0.933057  -0.210888   0.291428   -81.0408
  0.217996   0.975915 0.00825646    12.8253
  -0.28615  0.0558264   0.956557   -13.0413
         0          0          0          1

<-Total transform 85->iterations: 39, Init error: 10.8263, SBA error9.08102#
  0.930017  -0.215693   0.297564   -83.1127
  0.223825   0.974605 0.00690124    12.2499
 -0.291496  0.0601841   0.954677   -14.3094
         0          0          0          1

<-Total transform 87->iterations: 21, Init error: 6.89446, SBA error6.68994#
  0.92547 -0.222373  0.306686  -83.0983
 0.231586  0.972793 0.0065118   11.6493
 -0.29979 0.0649978  0.951789  -13.9145
        0         0         0         1

<-Total transform 89->iterations: 25, Init error: 6.8871, SBA error5.1779#
  0.921497  -0.227838   0.314537   -84.0201
    0.2383   0.971177 0.00533703    11.0661
 -0.306687  0.0700362    0.94923   -14.5998
         0          0          0          1

<-Total transform 91->iterations: 9, Init error: 7.37512, SBA error4.60356#
 0.918694 -0.231019  0.320363  -86.8371
 0.242774  0.970077 0.0033439   11.3388
 -0.31155 0.0747038  0.947289  -18.2595
        0         0         0         1

<-Total transform 93->iterations: 23, Init error: 5.39871, SBA error3.81613#
  0.915674  -0.234057   0.326739   -88.1371
   0.24728   0.968944 0.00110232    11.0915
  -0.31685  0.0797866   0.945114   -21.3641
         0          0          0          1

<-Total transform 95->iterations: 4, Init error: 7.33055, SBA error6.74206#
   0.912585   -0.237312    0.332974    -85.2067
   0.252106    0.967699 -0.00126697     11.3095
  -0.321918   0.0851011    0.942935    -26.4446
          0           0           0           1

<-Total transform 97->iterations: 4, Init error: 6.92882, SBA error4.92955#
   0.909345   -0.241544    0.338744    -83.8291
   0.257742    0.966209 -0.00293542     11.4795
  -0.326589   0.0899781    0.940874    -31.9109
          0           0           0           1

<-Total transform 99->iterations: 6, Init error: 6.44585, SBA error5.0552#
   0.905339   -0.248219    0.344598    -83.8901
   0.265855    0.964004 -0.00407686     11.6251
  -0.331182    0.095304    0.938741    -35.2071
          0           0           0           1

<-Total transform 101->iterations: 2, Init error: 7.97081, SBA error7.06639#
    0.90183   -0.254491    0.349195    -82.0062
    0.27391    0.961734 -0.00649167     11.2774
   -0.33418    0.101502    0.937028    -35.7499
          0           0           0           1

<-Total transform 103->iterations: 3, Init error: 21.6986, SBA error17.4967#
   0.898408   -0.260683    0.353424    -79.8008
   0.282177    0.959313 -0.00971392     12.8757
  -0.336512    0.108455    0.935413    -39.8248
          0           0           0           1

<-Total transform 105->iterations: 2, Init error: 12.2159, SBA error11.2673#
 0.892565 -0.274212   0.35796  -81.6768
 0.297681  0.954602 -0.010997   12.3359
-0.338694  0.116374  0.933672  -39.9743
        0         0         0         1

<-Total transform 107->iterations: 3, Init error: 17.3022, SBA error10.8474#
  0.889985  -0.281384   0.358818   -81.8985
  0.305778   0.952029 -0.0118504    13.6287
 -0.338271   0.120265   0.933332    -38.938
         0          0          0          1

<-Total transform 109->iterations: 4, Init error: 9.40216, SBA error5.84741#
  0.887714  -0.287381   0.359687   -81.7939
    0.3128   0.949727 -0.0131864    14.3471
 -0.337815   0.124216    0.93298   -38.1843
         0          0          0          1

<-Total transform 111->iterations: 2, Init error: 8.65237, SBA error7.60729#
 0.884627 -0.294757  0.361323  -81.9975
 0.320357  0.947226 -0.011611    13.949
-0.338832  0.126024  0.932368  -38.0776
        0         0         0         1

<-Total transform 113->iterations: 2, Init error: 8.50461, SBA error7.04243#
   0.881998   -0.300549    0.362975    -82.9703
   0.325617    0.945465 -0.00836146     13.5194
  -0.340667    0.125566    0.931761    -38.0022
          0           0           0           1

<-Total transform 115->iterations: 9, Init error: 6.20891, SBA error4.27156#
   0.879178   -0.304891    0.366179    -84.2987
    0.32983    0.944022 -0.00588679     13.7578
  -0.343887    0.125952    0.930526    -38.6613
          0           0           0           1

<-Total transform 117->iterations: 2, Init error: 8.93846, SBA error8.07149#
   0.876904   -0.306812    0.370008     -85.686
   0.331898    0.943305 -0.00439048     16.4683
  -0.347684    0.126655    0.929018    -40.9101
          0           0           0           1

<-Total transform 119->iterations: 2, Init error: 8.93846, SBA error8.07149#
   0.876904   -0.306812    0.370008     -85.686
   0.331898    0.943305 -0.00439048     16.4683
  -0.347684    0.126655    0.929018    -40.9101
          0           0           0           1

<-Total transform 121->iterations: 2, Init error: 8.93846, SBA error8.07149#
   0.876904   -0.306812    0.370008     -85.686
   0.331898    0.943305 -0.00439048     16.4683
  -0.347684    0.126655    0.929018    -40.9101
          0           0           0           1

<-Total transform 123->iterations: 1, Init error: 54.0681, SBA error54.0681#
   0.874342   -0.307935    0.375102    -85.9406
   0.333621      0.9427 -0.00375528     16.3062
  -0.352452    0.128425    0.926976    -40.4383
          0           0           0           1

<-Total transform 125->iterations: 25, Init error: 19.3333, SBA error19.0789#
  0.872662  -0.308037   0.378911   -85.5118
  0.334662   0.942327 -0.0046835    16.2956
 -0.355616   0.130894   0.925421   -40.2014
         0          0          0          1

<-Total transform 127->iterations: 1, Init error: 13.5585, SBA error13.5585#
   0.870986   -0.308028    0.382756    -85.6873
   0.335371    0.942073 -0.00501292     16.2704
   -0.35904    0.132731    0.923836    -39.8361
          0           0           0           1

<-Total transform 129->iterations: 8, Init error: 20.3479, SBA error20.3478#
   0.868752   -0.309069    0.386971    -85.8924
   0.336802    0.941566 -0.00410614     16.1102
   -0.36309      0.1339    0.922083    -39.4498
          0           0           0           1

<-Total transform 131->iterations: 35, Init error: 7.96029, SBA error6.64918#
   0.866173   -0.311327    0.390921    -86.1581
   0.339931    0.940441 -0.00423283     15.8557
   -0.36632    0.136553    0.920415    -40.8414
          0           0           0           1

<-Total transform 133->iterations: 31, Init error: 6.77939, SBA error4.5816#
   0.862088    -0.31553    0.396541     -88.263
   0.344623    0.938738 -0.00225795     15.4888
  -0.371536    0.138604    0.918014    -43.1237
          0           0           0           1

<-Total transform 135->iterations: 4, Init error: 11.885, SBA error7.43448#
    0.858822    -0.318304     0.401382     -91.1111
    0.347613     0.937638 -0.000209012      16.6663
   -0.376285     0.139705     0.915911     -46.1455
           0            0            0            1

<-Total transform 137->iterations: 6, Init error: 20.1005, SBA error10.1928#
    0.855001      -0.3193     0.408681     -97.4172
    0.350097     0.936713 -0.000589601      17.5022
   -0.382628     0.143582     0.912677     -48.2197
           0            0            0            1

<-Total transform 139->iterations: 29, Init error: 19.8672, SBA error4.50663#
   0.850448    -0.31901    0.418295    -104.505
   0.352352    0.935864 -0.00264724       18.57
  -0.390623    0.149638    0.908307    -52.0613
          0           0           0           1

<-Total transform 141->iterations: 2, Init error: 8.31814, SBA error7.05143#
   0.843701   -0.318409    0.432185    -106.238
   0.355975    0.934473 -0.00645981     18.6868
  -0.401808    0.159297    0.901762    -51.1182
          0           0           0           1

<-Total transform 143->iterations: 4, Init error: 12.1121, SBA error4.86133#
  0.836959  -0.321276   0.443037    -108.23
  0.362996   0.931736 -0.0100843    19.0958
 -0.409554   0.169261   0.896447   -51.5864
         0          0          0          1

<-Total transform 145->iterations: 23, Init error: 12.7334, SBA error10.227#
  0.832135  -0.325443   0.449041   -112.097
  0.371075   0.928486 -0.0147317     22.866
 -0.412134   0.178887   0.893389   -54.8919
         0          0          0          1

<-Total transform 147->iterations: 14, Init error: 6.06683, SBA error4.2044#
  0.828153  -0.328769   0.453953   -114.838
  0.377649   0.925765 -0.0184788    23.8342
 -0.414178   0.186738   0.890834   -59.5631
         0          0          0          1

<-Total transform 149->iterations: 11, Init error: 5.18536, SBA error2.68862#
   0.82473  -0.330895   0.458617   -115.661
  0.382502   0.923707 -0.0213907    23.8737
 -0.416549   0.193063   0.888377   -60.6119
         0          0          0          1

<-Total transform 151->iterations: 7, Init error: 12.7573, SBA error2.72028#
  0.818981  -0.333342   0.467068   -121.847
  0.389184   0.920814 -0.0252383    24.1335
  -0.42167   0.202445   0.883861   -62.2871
         0          0          0          1

<-Total transform 153->iterations: 36, Init error: 8.11269, SBA error7.73882#
  0.813837   -0.33595   0.474139   -123.446
  0.394949   0.918299 -0.0272531    23.7863
 -0.426245    0.20944   0.880028   -61.8346
         0          0          0          1

<-Total transform 155->iterations: 29, Init error: 6.163, SBA error4.86703#
  0.809712  -0.338309   0.479493   -124.596
  0.399999   0.916052 -0.0291475    23.5439
  -0.42938   0.215398   0.877061   -62.2486
         0          0          0          1

<-Total transform 157->iterations: 32, Init error: 8.12522, SBA error3.77747#
  0.805879  -0.340767   0.484187   -127.315
  0.404889   0.913849 -0.0307355    23.2499
    -0.432   0.220811   0.874425   -64.1884
         0          0          0          1

<-Total transform 159->iterations: 38, Init error: 14.2355, SBA error4.59319#
 0.802627 -0.343216  0.487845  -131.838
 0.409933  0.911513 -0.033161   22.9497
-0.433296  0.226599    0.8723  -66.6918
        0         0         0         1

<-Total transform 161->iterations: 17, Init error: 31.172, SBA error19.5117#
  0.800554  -0.345232   0.489824   -136.353
  0.414839   0.909133 -0.0372356    22.5227
  -0.43246   0.233007   0.871026   -66.8803
         0          0          0          1

<-Total transform 163->iterations: 26, Init error: 15.1489, SBA error13.1336#
  0.798337  -0.347826   0.491605   -138.616
  0.419863   0.906691 -0.0403199    22.3948
 -0.431709   0.238596   0.869885   -66.5549
         0          0          0          1

<-Total transform 165->iterations: 1, Init error: 10.7912, SBA error10.7912#
  0.794565  -0.352611   0.494299   -138.937
  0.426335    0.90365 -0.0406904    21.8124
 -0.432325   0.243068   0.868339   -66.0786
         0          0          0          1

<-Total transform 167->iterations: 3, Init error: 9.31007, SBA error8.60437#
  0.790128  -0.359577   0.496389   -137.304
  0.433862   0.900155 -0.0385414    20.8004
 -0.432969   0.245817   0.867244   -65.8887
         0          0          0          1

<-Total transform 169->iterations: 3, Init error: 4.57, SBA error3.87151#
  0.785378  -0.367691   0.497982   -135.666
  0.441395   0.896666 -0.0340706    19.5844
 -0.433996   0.246565   0.866518   -66.2867
         0          0          0          1

<-Total transform 171->iterations: 35, Init error: 5.25425, SBA error3.5628#
  0.779856  -0.375617   0.500736   -136.392
  0.448674   0.893234 -0.0287318    18.1852
 -0.436482   0.247074   0.865123   -68.2582
         0          0          0          1

<-Total transform 173->iterations: 4, Init error: 15.1933, SBA error4.93592#
  0.775038  -0.380553   0.504475    -140.75
  0.454239   0.890497 -0.0261086    17.7801
 -0.439298   0.249388   0.863031   -73.9671
         0          0          0          1

<-Total transform 175->iterations: 3, Init error: 6.75658, SBA error5.36145#
  0.770605  -0.385204   0.507726   -143.261
  0.458837   0.888235 -0.0225135    17.0486
 -0.442308   0.250313   0.861224    -75.623
         0          0          0          1

<-Total transform 177->iterations: 5, Init error: 13.4112, SBA error6.94282#
  0.766389  -0.389374   0.510917    -140.81
  0.463098   0.886096 -0.0193581    16.8344
 -0.445184   0.251441   0.859412   -83.6857
         0          0          0          1

<-Total transform 179->iterations: 2, Init error: 11.9885, SBA error8.99352#
  0.760619  -0.391717   0.517702   -137.766
  0.468765   0.883084 -0.0205371    22.0994
  -0.44913   0.258302   0.855314   -88.8471
         0          0          0          1

<-Total transform 181->iterations: 2, Init error: 9.20061, SBA error6.32604#
  0.756797  -0.393192   0.522166   -135.219
  0.472558   0.881038 -0.0214734    26.0059
 -0.451605   0.263005   0.852573   -92.8694
         0          0          0          1

<-Total transform 183->iterations: 6, Init error: 9.30958, SBA error5.83432#
   0.75194  -0.397442   0.525953   -133.997
  0.477913   0.878187 -0.0196463    26.2177
 -0.454077   0.266133   0.850287   -97.5498
         0          0          0          1

<-Total transform 185->iterations: 2, Init error: 14.9681, SBA error11.587#
  0.746511  -0.403134   0.529344   -136.831
   0.48412   0.874847 -0.0164744    25.4144
 -0.456453   0.268564   0.848247   -97.5804
         0          0          0          1

<-Total transform 187->iterations: 2, Init error: 9.01342, SBA error7.72392#
  0.739151  -0.409255   0.534945   -138.567
  0.492373   0.870263 -0.0145406    24.6835
 -0.459592    0.27414   0.844762   -97.4057
         0          0          0          1

<-Total transform 189->iterations: 2, Init error: 15.0237, SBA error14.9561#
 0.731228 -0.415685  0.540844  -140.982
 0.500951   0.86539 -0.012166   23.9044
-0.462983  0.279832  0.841035  -97.1549
        0         0         0         1

<-Total transform 191->iterations: 3, Init error: 24.4643, SBA error17.513#
   0.722036   -0.423643    0.546984     -143.56
   0.510679    0.859732 -0.00824392     25.3506
  -0.466767    0.285286    0.837103    -97.4745
          0           0           0           1

<-Total transform 193->iterations: 5, Init error: 64.0105, SBA error21.9561#
   0.712673   -0.431536    0.553058    -154.799
   0.520078     0.85411 -0.00373636      20.369
  -0.470761    0.290296    0.833134    -97.5027
          0           0           0           1

<-Total transform 195->iterations: 18, Init error: 7.1191, SBA error5.81056#
   0.703106   -0.439192    0.559242    -155.789
    0.52946    0.848335 0.000564554     18.7469
  -0.474673    0.295699    0.829004     -95.996
          0           0           0           1

<-Total transform 197->iterations: 15, Init error: 6.24976, SBA error4.77873#
  0.693706  -0.446259   0.565353   -156.299
  0.538859   0.842388 0.00373864    17.3762
 -0.477915   0.302052    0.82484   -94.5867
         0          0          0          1

<-Total transform 199->iterations: 7, Init error: 5.0443, SBA error3.40135#
  0.684297   -0.45288   0.571523   -157.616
  0.547244   0.836935 0.00796779     16.361
 -0.481936    0.30731   0.820548    -93.607
         0          0          0          1

<-Total transform 201->iterations: 2, Init error: 26.6249, SBA error15.1084#
 0.674799 -0.458982  0.577912   -152.49
  0.55387  0.832478 0.0144338   17.3443
-0.487724  0.310348  0.815972  -93.0911
        0         0         0         1

<-Total transform 203->iterations: 2, Init error: 32.4148, SBA error19.4277#
 0.662297  -0.46607  0.586636  -147.598
 0.561456  0.827178 0.0233062   19.1341
-0.496115  0.313935  0.809515  -93.8073
        0         0         0         1

<-Total transform 205->iterations: 3, Init error: 14.5451, SBA error13.3457#
 0.639763 -0.474938  0.604265  -148.452
 0.576752  0.816332 0.0309844   21.2597
-0.507997  0.328688   0.79618  -94.9202
        0         0         0         1

<-Total transform 207->iterations: 3, Init error: 11.4774, SBA error11.1853#
 0.619849 -0.487346  0.615046  -148.849
 0.591444  0.805252 0.0419963   18.3001
-0.515733  0.337734  0.787372  -92.8365
        0         0         0         1

<-Total transform 209->iterations: 19, Init error: 10.3539, SBA error10.2365#
 0.605557 -0.494345  0.623638  -149.243
 0.601296  0.797562 0.0483478   16.3348
 -0.52129  0.345713  0.780217  -90.7228
        0         0         0         1

<-Total transform 211->iterations: 3, Init error: 1246.57, SBA error140.185#
 0.597379 -0.497166  0.629257   -205.89
 0.607185   0.79298 0.0500961   -2.3956
-0.523894  0.352149  0.775581  -115.744
        0         0         0         1

<-Total transform 213->iterations: 25, Init error: 22.3631, SBA error13.934#
 0.588825  -0.49917    0.6357  -210.613
 0.612924  0.788468  0.051399  -3.74322
-0.526886  0.359371  0.770223  -115.805
        0         0         0         1

<-Total transform 215->iterations: 16, Init error: 5.1204, SBA error4.96673#
 0.580926 -0.501275  0.641286  -210.629
  0.61757  0.784667 0.0539095  -4.83967
-0.530219  0.364721  0.765406  -114.333
        0         0         0         1

<-Total transform 217->iterations: 22, Init error: 15.5844, SBA error15.4225#
  0.57299  -0.50368  0.646521  -210.892
 0.621557  0.781236 0.0577666  -6.18955
-0.534182   0.36875  0.760706  -112.758
        0         0         0         1

<-Total transform 219->iterations: 1, Init error: 116.197, SBA error116.197#
 0.563954 -0.505272   0.65319  -211.889
 0.626227  0.777283 0.0605882  -7.35478
-0.538327  0.374876  0.754766  -110.803
        0         0         0         1

<-Total transform 221->iterations: 2, Init error: 9.55381, SBA error8.88004#
 0.554587 -0.506027  0.660583  -214.272
 0.630842  0.773365 0.0628035    -5.626
-0.542653  0.381894  0.748121  -112.729
        0         0         0         1

<-Total transform 223->iterations: 8, Init error: 8.18908, SBA error5.71432#
 0.546402  -0.50677  0.666805  -216.784
 0.633992  0.770512 0.0660732  -7.05002
-0.547265  0.386646  0.742298  -113.817
        0         0         0         1

<-Total transform 225->iterations: 4, Init error: 81.4276, SBA error50.4756#
  0.53942 -0.506933  0.672343   -222.73
 0.636844  0.767979  0.068102   -8.3811
-0.550869  0.391442    0.7371  -143.381
        0         0         0         1

<-Total transform 227->iterations: 2, Init error: 29.232, SBA error25.2113#
 0.531123  -0.50679  0.679023    -218.4
 0.640791  0.764571 0.0694213  -9.08948
-0.554343   0.39824  0.730827  -141.817
        0         0         0         1

<-Total transform 229->iterations: 2, Init error: 29.8066, SBA error28.8649#
  0.52364  -0.50783   0.68404  -213.854
 0.643423  0.762007 0.0731651  -10.3232
-0.558398  0.401815  0.725766   -140.93
        0         0         0         1

<-Total transform 231->iterations: 2, Init error: 9.08448, SBA error8.53079#
 0.514656 -0.509722  0.689429  -212.253
  0.64738  0.758235 0.0773259  -11.6963
-0.562164  0.406526  0.720214  -140.095
        0         0         0         1

<-Total transform 233->iterations: 3, Init error: 38.932, SBA error20.3726#
 0.505203 -0.512116  0.694627  -207.747
 0.653236  0.752917 0.0799915  -10.0073
-0.563962  0.413343  0.714909  -148.442
        0         0         0         1

<-Total transform 235->iterations: 3, Init error: 121.777, SBA error93.5919#
 0.496826 -0.515216  0.698366  -204.323
 0.658167  0.748199 0.0837514  -10.0489
-0.565667  0.418032  0.710823  -152.831
        0         0         0         1

<-Total transform 237->iterations: 3, Init error: 47.1999, SBA error42.7582#
 0.487126 -0.519309  0.702158  -203.801
 0.663292  0.743007 0.0893585  -11.2569
-0.568113  0.422207  0.706391  -157.336
        0         0         0         1

<-Total transform 239->iterations: 25, Init error: 9.16797, SBA error6.14359#
 0.476511 -0.524757  0.705385  -205.753
 0.668253   0.73755 0.0972583   -13.537
-0.571293  0.425031   0.70212  -160.066
        0         0         0         1

<-Total transform 241->iterations: 19, Init error: 41.7095, SBA error27.4506#
 0.466764 -0.530426  0.707658  -210.961
 0.671315  0.733416  0.106941  -16.3526
-0.575732  0.425145  0.698415  -169.713
        0         0         0         1

<-Total transform 243->iterations: 21, Init error: 239.098, SBA error112.542#
 0.455547 -0.534551  0.711851  -225.017
 0.673298  0.730006  0.117309  -21.3322
-0.582363  0.425848  0.692464  -190.948
        0         0         0         1

<-Total transform 245->iterations: 2, Init error: 97.972, SBA error69.8545#
  0.44747 -0.535735  0.716071  -235.995
 0.673461  0.728692  0.124334  -35.6595
-0.588405   0.42661  0.686864  -195.394
        0         0         0         1

<-Total transform 247->iterations: 13, Init error: 60.9552, SBA error25.6708#
 0.440724 -0.536184  0.719909  -244.663
 0.672388  0.728521  0.130966  -40.0877
 -0.59469  0.426338    0.6816  -198.447
        0         0         0         1

<-Total transform 249->iterations: 25, Init error: 9.84017, SBA error4.65647#
 0.433847 -0.534585  0.725256  -248.152
 0.672208  0.728039  0.134522  -41.3285
-0.599928  0.429161   0.67521   -198.64
        0         0         0         1

<-Total transform 251->iterations: 29, Init error: 4.09523, SBA error2.88807#
 0.430765 -0.532323  0.728748  -248.923
 0.672812  0.727615  0.133795   -41.116
 -0.60147  0.432676  0.671584  -200.257
        0         0         0         1

<-Total transform 253->iterations: 4, Init error: 5.75572, SBA error3.18091#
 0.425331 -0.529669  0.733856  -251.783
 0.671848  0.728076  0.136105  -41.3947
-0.606394   0.43515  0.665531   -202.78
        0         0         0         1

<-Total transform 255->iterations: 2, Init error: 27.7163, SBA error18.5019#
 0.418432 -0.529323  0.738059  -253.447
 0.670974  0.727836  0.141593  -42.4469
-0.612134  0.435972  0.659712  -203.478
        0         0         0         1

<-Total transform 257->iterations: 3, Init error: 235.365, SBA error29.0811#
 0.409386 -0.530659  0.742162    -273.3
 0.671959  0.725615  0.148166  -50.6746
 -0.61715  0.438046  0.653638  -235.621
        0         0         0         1

<-Total transform 259->iterations: 45, Init error: 52.2034, SBA error22.9213#
 0.400799 -0.533456  0.744839  -280.303
 0.675643  0.721188  0.152952  -53.6371
-0.618762  0.441943  0.649477  -238.007
        0         0         0         1

<-Total transform 261->iterations: 1, Init error: 379.294, SBA error379.294#
 0.391509 -0.538033  0.746486  -280.928
 0.680665  0.715238  0.158523  -55.7474
-0.619206  0.446043  0.646243  -236.782
        0         0         0         1

<-Total transform 263->iterations: 1, Init error: 7.83288, SBA error7.83288#
 0.382251 -0.543672  0.747198  -281.213
 0.686128  0.708617  0.164592  -58.0469
-0.618962  0.449758  0.643898   -235.89
        0         0         0         1

<-Total transform 265->iterations: 13, Init error: 6.83801, SBA error6.63494#
 0.371078 -0.549672   0.74844  -281.835
 0.692746  0.700598  0.171071  -60.8164
-0.618388  0.454998   0.64076  -236.122
        0         0         0         1

<-Total transform 267->iterations: 2, Init error: 65.9656, SBA error65.8097#
 0.359318 -0.554242  0.750804   -285.31
 0.698965  0.692908  0.176994  -63.0309
-0.618335  0.461189   0.63637   -235.28
        0         0         0         1

<-Total transform 269->iterations: 22, Init error: 61.5883, SBA error26.5235#
  0.34901 -0.558003  0.752878  -275.988
 0.705109  0.685548  0.181236  -63.7013
-0.617263  0.467608  0.632716  -249.163
        0         0         0         1

<-Total transform 271->iterations: 34, Init error: 34.3948, SBA error11.928#
 0.339895 -0.562571  0.753648  -281.111
 0.712197  0.677327    0.1844  -65.2873
-0.614204   0.47407  0.630882  -256.836
        0         0         0         1

<-Total transform 273->iterations: 2, Init error: 138.197, SBA error76.4246#
 0.333291 -0.567895  0.752604  -289.439
 0.717981  0.670251  0.187796  -74.1151
-0.611082  0.477764  0.631126  -267.309
        0         0         0         1

<-Total transform 275->iterations: 3, Init error: 20.6913, SBA error13.2453#
  0.32953 -0.572259  0.750953  -290.594
  0.72174  0.665461  0.190399  -74.0166
-0.608688   0.47925  0.632312  -266.697
        0         0         0         1

<-Total transform 277->iterations: 2, Init error: 126.854, SBA error113.38#
 0.325952 -0.573098  0.751874  -296.937
 0.725576  0.661491  0.189655   -72.756
-0.606049  0.483723   0.63144  -266.595
        0         0         0         1

<-Total transform 279->iterations: 2, Init error: 54.9299, SBA error33.0391#
 0.321178 -0.571002  0.755514  -297.202
 0.728497  0.658707  0.188144  -71.7423
-0.605093  0.489961  0.627535  -266.801
        0         0         0         1

<-Total transform 281->iterations: 3, Init error: 28.2301, SBA error18.5036#
 0.313764  -0.56935  0.759864  -300.514
 0.730707  0.655816  0.189664  -71.6046
-0.606316  0.495728  0.621799   -269.33
        0         0         0         1

<-Total transform 283->iterations: 11, Init error: 496.64, SBA error307.214#
 0.305552 -0.569618  0.763003  -314.852
 0.733652  0.651636   0.19268  -74.2662
-0.606954  0.500905   0.61701  -289.605
        0         0         0         1

<-Total transform 285->iterations: 43, Init error: 47.5397, SBA error35.5412#
 0.300069 -0.570723  0.764352  -317.536
  0.73723  0.647235  0.193853   -74.944
-0.605352  0.505334  0.614969  -289.546
        0         0         0         1

<-Total transform 287->iterations: 39, Init error: 47.122, SBA error35.4502#
 0.294468 -0.572296  0.765353  -320.618
  0.74064  0.642777  0.195679  -76.1011
-0.603938   0.50923  0.613143  -291.011
        0         0         0         1

<-Total transform 289->iterations: 16, Init error: 21.6418, SBA error4.28816#
 0.289064 -0.574076   0.76608  -325.616
 0.743995  0.638301  0.197592  -76.9361
-0.602422  0.512843   0.61162  -294.067
        0         0         0         1

<-Total transform 291->iterations: 3, Init error: 53.551, SBA error6.9022#
 0.284041 -0.575466  0.766915   -333.81
  0.74687  0.634372  0.199394  -78.4253
-0.601254   0.51615  0.609986  -298.613
        0         0         0         1

<-Total transform 293->iterations: 4, Init error: 32.626, SBA error11.2071#
  0.27854 -0.574896  0.769357  -338.556
  0.74957  0.630955    0.2001  -78.7303
-0.600467  0.520951  0.606671  -303.335
        0         0         0         1

<-Total transform 295->iterations: 3, Init error: 9.4147, SBA error6.56771#
 0.271596  -0.57231  0.773755  -341.861
 0.750969  0.628836  0.201523  -76.6027
-0.601898  0.526333  0.600576  -302.747
        0         0         0         1

<-Total transform 297->iterations: 2, Init error: 13.3487, SBA error9.94369#
 0.264122 -0.569722  0.778239   -345.89
 0.752279  0.626649  0.203437  -77.3763
-0.603586  0.531721  0.594102  -300.933
        0         0         0         1

<-Total transform 299->iterations: 4, Init error: 32.6099, SBA error24.9506#
 0.259161 -0.568714  0.780641  -341.125
 0.755896  0.622555  0.202598  -75.1458
-0.601212  0.537578  0.591231  -305.542
        0         0         0         1

<-Total transform 301->iterations: 28, Init error: 25.9714, SBA error24.121#
 0.256449 -0.568024  0.782038  -340.563
 0.758637  0.619638  0.201292   -74.429
-0.598919  0.541662  0.589829  -307.922
        0         0         0         1

<-Total transform 303->iterations: 2, Init error: 54.126, SBA error39.491#
 0.252949 -0.567511  0.783548  -343.664
 0.760925  0.616874  0.201146  -73.6409
-0.597504  0.545342  0.587871  -316.153
        0         0         0         1

<-Total transform 305->iterations: 36, Init error: 14.8766, SBA error12.4887#
 0.247745 -0.567787   0.78501  -345.247
 0.762672  0.613976  0.203386  -74.6082
-0.597457  0.548317  0.585144  -314.459
        0         0         0         1

<-Total transform 307->iterations: 1, Init error: 13.3913, SBA error13.3913#
 0.240087 -0.568927  0.786562    -346.3
 0.765002  0.609689  0.207487  -76.3355
-0.597604  0.551907  0.581609  -312.883
        0         0         0         1

<-Total transform 309->iterations: 16, Init error: 35.8953, SBA error35.8751#
 0.231224 -0.571194  0.787574  -346.912
 0.768569  0.603582  0.212109  -78.2123
-0.596521  0.556261  0.578564  -311.467
        0         0         0         1

<-Total transform 311->iterations: 3, Init error: 113.426, SBA error83.4444#
 0.225135 -0.572699  0.788245  -344.936
 0.771377  0.599001  0.214886  -77.6022
-0.595224  0.559655  0.576623  -317.911
        0         0         0         1

<-Total transform 313->iterations: 18, Init error: 308.794, SBA error265.807#
 0.219824 -0.573962  0.788825  -349.941
 0.773987  0.594817  0.217109  -79.3792
-0.593819  0.562814  0.574995  -318.586
        0         0         0         1

<-Total transform 315->iterations: 32, Init error: 8.69079, SBA error3.96157#
 0.214202 -0.575771  0.789053  -351.646
 0.776959  0.590006  0.219608   -80.372
 -0.59199  0.566021  0.573731   -318.69
        0         0         0         1

<-Total transform 317->iterations: 9, Init error: 153.449, SBA error27.9251#
 0.209264 -0.577848   0.78886  -362.679
 0.780311  0.584878  0.221432  -82.4252
-0.589341  0.569219  0.573295  -331.827
        0         0         0         1

<-Total transform 319->iterations: 4, Init error: 31.1443, SBA error13.4037#
 0.206852 -0.579853  0.788025    -361.6
 0.782125    0.5819  0.222876  -82.4255
-0.587787  0.570231  0.573884  -340.779
        0         0         0         1

<-Total transform 321->iterations: 3, Init error: 48.1659, SBA error11.4746#
 0.207374 -0.582464  0.785959  -364.368
 0.782306  0.581126  0.224254  -82.6234
-0.587361  0.568356  0.576175  -355.328
        0         0         0         1

