<-Total transform 17->iterations: 15, Init error: 142.205, SBA error102.938#
   0.997915  -0.0214371   0.0608838    -7.10322
  0.0211586    0.999763  0.00521475    -2.79101
 -0.0609811 -0.00391566    0.998131     2.21966
          0           0           0           1

<-Total transform 33->iterations: 2, Init error: 1028.61, SBA error1019.51#
    0.99684  -0.0297723   0.0736398     10.9839
  0.0293964    0.999549  0.00618344     -3.0196
 -0.0737906 -0.00399916    0.997266   -0.341991
          0           0           0           1

<-Total transform 49->iterations: 24, Init error: 458.399, SBA error183.56#
   0.996371  -0.0370163   0.0766508     -19.886
  0.0363705     0.99929  0.00980465    0.101599
 -0.0769593 -0.00698124     0.99701      -12.89
          0           0           0           1

<-Total transform 65->iterations: 9, Init error: 191.597, SBA error75.1487#
  0.996013 -0.0425643  0.0784037   -39.9449
 0.0416183    0.99904  0.0136611   -3.90584
-0.0789099 -0.0103436   0.996828   -31.8963
         0          0          0          1

<-Total transform 81->iterations: 2, Init error: 129.32, SBA error118.737#
  0.995619 -0.0472698   0.080677   -38.7719
 0.0461866   0.998817  0.0152407   -1.02287
-0.0813019 -0.0114478   0.996624   -42.5625
         0          0          0          1

<-Total transform 97->iterations: 1, Init error: 74.9525, SBA error74.9525#
  0.995279 -0.0508229  0.0826828   -38.8559
 0.0497245   0.998646  0.0152911   -1.14988
 -0.083348 -0.0111076   0.996459   -42.4826
         0          0          0          1

<-Total transform 113->iterations: 3, Init error: 257.794, SBA error238.07#
  0.995206 -0.0522599  0.0826649   -37.9599
 0.0512363   0.998582  0.0144562  -0.918915
-0.0833031 -0.0101514   0.996473    -48.077
         0          0          0          1

<-Total transform 129->iterations: 1, Init error: 439.884, SBA error439.884#
   0.995282  -0.0524901   0.0816028    -37.9086
  0.0515988    0.998583   0.0129944   -0.856536
 -0.0821693 -0.00872253     0.99658    -48.1186
          0           0           0           1

<-Total transform 145->iterations: 3, Init error: 166.756, SBA error79.688#
   0.995404  -0.0517916   0.0805574    -61.7368
  0.0509437    0.998623   0.0125469    -1.87962
 -0.0810963 -0.00838531    0.996671    -79.8155
          0           0           0           1

<-Total transform 161->iterations: 5, Init error: 194.496, SBA error94.8803#
   0.995607  -0.0497959   0.0792883     -89.488
  0.0488921    0.998716   0.0133005     14.4398
 -0.0798488 -0.00936553    0.996763     -108.98
          0           0           0           1

<-Total transform 177->iterations: 2, Init error: 106.788, SBA error100.265#
   0.995699  -0.0483137   0.0790492    -80.6958
  0.0473762    0.998783   0.0136939     14.5586
 -0.0796146 -0.00988991    0.996777    -113.984
          0           0           0           1

<-Total transform 193->iterations: 3, Init error: 300.842, SBA error225.01#
   0.995701   -0.047541   0.0794923    -79.5287
  0.0469872    0.998857   0.0088246     14.3022
 -0.0798209 -0.00505155    0.996796    -124.909
          0           0           0           1

<-Total transform 209->iterations: 30, Init error: 289.929, SBA error180.28#
   0.995754  -0.0481107    0.078483    -57.7043
  0.0479798    0.998842  0.00355403     16.2477
 -0.0785631 0.000226662    0.996909    -156.051
          0           0           0           1

<-Total transform 225->iterations: 10, Init error: 1148.23, SBA error641.464#
   0.995563  -0.0511953   0.0789493    -96.6319
  0.0515169     0.99867 -0.00204049     12.5739
 -0.0787398  0.00609865    0.996877    -151.291
          0           0           0           1

<-Total transform 241->iterations: 5, Init error: 1111.43, SBA error320.373#
  0.993869 -0.0592466  0.0933517   -51.3647
 0.0607975   0.998054 -0.0138559    15.3028
-0.0923491  0.0194465   0.995537   -179.929
         0          0          0          1

<-Total transform 257->iterations: 2, Init error: 1504.87, SBA error970.658#
  0.993299 -0.0642769   0.096055   -90.4642
 0.0656931   0.997772 -0.0116515   -18.9851
 -0.095092  0.0178836   0.995308    -236.28
         0          0          0          1

<-Total transform 273->iterations: 15, Init error: 679.592, SBA error651.499#
   0.993013  -0.0683221   0.0962178    -92.9971
  0.0693848     0.99756 -0.00773785    -20.3611
 -0.0954543   0.0143598     0.99533      -245.5
          0           0           0           1

<-Total transform 289->iterations: 2, Init error: 1475.58, SBA error1349.93#
   0.992552  -0.0715263   0.0986161    -118.505
  0.0723951    0.997362 -0.00525534    -43.5952
 -0.0979801   0.0123555    0.995112    -274.647
          0           0           0           1

<-Total transform 305->iterations: 2, Init error: 366.344, SBA error306.255#
   0.991847  -0.0743329    0.103509    -125.883
  0.0751856     0.99716 -0.00435508    -43.9732
  -0.102891   0.0121019    0.994619    -278.969
          0           0           0           1

<-Total transform 321->iterations: 18, Init error: 303.921, SBA error111.961#
   0.991169   -0.076556    0.108274    -133.492
  0.0772754    0.997007 -0.00245776    -45.6238
  -0.107762    0.010803    0.994118    -325.127
          0           0           0           1

<-Total transform 337->iterations: 3, Init error: 1797.37, SBA error1712.44#
   0.990389  -0.0784469    0.113912    -83.7118
  0.0790822    0.996868 -0.00106168    -2.53022
  -0.113472   0.0100599     0.99349    -402.812
          0           0           0           1

<-Total transform 353->iterations: 3, Init error: 1106.1, SBA error693.248#
   0.98947 -0.0810316    0.11993   -30.3789
 0.0812973   0.996686 0.00268333    17.9005
  -0.11975 0.00709491   0.992779   -498.686
         0          0          0          1

<-Total transform 369->iterations: -1, Init error: 1.13758e-304, SBA error1.88472e-274#
   0.98947 -0.0810316    0.11993   -30.3789
 0.0812973   0.996686 0.00268333    17.9005
  -0.11975 0.00709491   0.992779   -498.686
         0          0          0          1

